# CMCT HISTOGRAM
# RUNID      = matt_beckley_20160615T132918
# TITLE      = test of three comparisons
# DATE       = 2016-06-15T13:29:18
# COMPARISON = 1
# MODEL      = test of three comparisons
# MODEL FILE = orog_GIS_LGGE_ELMER_asmb.nc
# VARIABLE   = orog
# TIME INDEX = 1
# TIME       = .0000000000000000
# TIME UNITS = none
# OBS DATASET = icesat-cism-elev-grn
# MISSION    = icesat-glas
# CAMPAIGN   = L3G
# REGION     = greenland
# CREATED BY = cmct_main version ALPHA-6
# HISTOGRAM MIN, m = -700.00
# HISTOGRAM MAX, m = 1000.00
# HISTOGRAM NUMBER BINS = 1700
# HISTOGRAM BINSIZE, m  = 1.00
# HISTOGRAM TOTAL IN RANGE = 759143
# HISTOGRAM BELOW RANGE    = 822
# HISTOGRAM ABOVE RANGE    = 4
# NOTE bins lowerbound <= x < upperbound
# NCOLS = 5
# COL 1 = lower bin boundary, m
# COL 2 = upper bin boundary, m
# COL 3 = counts
# COL 4 = probability density function
# COL 5 = empirical cumulative distribution function
# END
 -700.00   -699.00         3    0.39475E-05   0.10856E-02
 -699.00   -698.00         2    0.26317E-05   0.10882E-02
 -698.00   -697.00         3    0.39475E-05   0.10921E-02
 -697.00   -696.00         8    0.10527E-04   0.11027E-02
 -696.00   -695.00         4    0.52634E-05   0.11079E-02
 -695.00   -694.00         2    0.26317E-05   0.11106E-02
 -694.00   -693.00         5    0.65792E-05   0.11172E-02
 -693.00   -692.00         4    0.52634E-05   0.11224E-02
 -692.00   -691.00         1    0.13158E-05   0.11237E-02
 -691.00   -690.00         3    0.39475E-05   0.11277E-02
 -690.00   -689.00         4    0.52634E-05   0.11329E-02
 -689.00   -688.00         5    0.65792E-05   0.11395E-02
 -688.00   -687.00         4    0.52634E-05   0.11448E-02
 -687.00   -686.00         3    0.39475E-05   0.11487E-02
 -686.00   -685.00         2    0.26317E-05   0.11514E-02
 -685.00   -684.00         2    0.26317E-05   0.11540E-02
 -684.00   -683.00         6    0.78951E-05   0.11619E-02
 -683.00   -682.00         3    0.39475E-05   0.11658E-02
 -682.00   -681.00         4    0.52634E-05   0.11711E-02
 -681.00   -680.00         4    0.52634E-05   0.11764E-02
 -680.00   -679.00         1    0.13158E-05   0.11777E-02
 -679.00   -678.00         6    0.78951E-05   0.11856E-02
 -678.00   -677.00        10    0.13158E-04   0.11987E-02
 -677.00   -676.00         7    0.92109E-05   0.12079E-02
 -676.00   -675.00         3    0.39475E-05   0.12119E-02
 -675.00   -674.00         7    0.92109E-05   0.12211E-02
 -674.00   -673.00         6    0.78951E-05   0.12290E-02
 -673.00   -672.00         4    0.52634E-05   0.12343E-02
 -672.00   -671.00        11    0.14474E-04   0.12487E-02
 -671.00   -670.00         7    0.92109E-05   0.12579E-02
 -670.00   -669.00         7    0.92109E-05   0.12672E-02
 -669.00   -668.00         7    0.92109E-05   0.12764E-02
 -668.00   -667.00         3    0.39475E-05   0.12803E-02
 -667.00   -666.00         5    0.65792E-05   0.12869E-02
 -666.00   -665.00         6    0.78951E-05   0.12948E-02
 -665.00   -664.00         6    0.78951E-05   0.13027E-02
 -664.00   -663.00         6    0.78951E-05   0.13106E-02
 -663.00   -662.00         4    0.52634E-05   0.13158E-02
 -662.00   -661.00        11    0.14474E-04   0.13303E-02
 -661.00   -660.00         7    0.92109E-05   0.13395E-02
 -660.00   -659.00         6    0.78951E-05   0.13474E-02
 -659.00   -658.00         6    0.78951E-05   0.13553E-02
 -658.00   -657.00         8    0.10527E-04   0.13658E-02
 -657.00   -656.00         6    0.78951E-05   0.13737E-02
 -656.00   -655.00         8    0.10527E-04   0.13843E-02
 -655.00   -654.00         3    0.39475E-05   0.13882E-02
 -654.00   -653.00         3    0.39475E-05   0.13922E-02
 -653.00   -652.00        11    0.14474E-04   0.14066E-02
 -652.00   -651.00         6    0.78951E-05   0.14145E-02
 -651.00   -650.00         6    0.78951E-05   0.14224E-02
 -650.00   -649.00         8    0.10527E-04   0.14330E-02
 -649.00   -648.00         9    0.11843E-04   0.14448E-02
 -648.00   -647.00         7    0.92109E-05   0.14540E-02
 -647.00   -646.00         6    0.78951E-05   0.14619E-02
 -646.00   -645.00         4    0.52634E-05   0.14672E-02
 -645.00   -644.00         3    0.39475E-05   0.14711E-02
 -644.00   -643.00         6    0.78951E-05   0.14790E-02
 -643.00   -642.00         6    0.78951E-05   0.14869E-02
 -642.00   -641.00        10    0.13158E-04   0.15001E-02
 -641.00   -640.00         4    0.52634E-05   0.15053E-02
 -640.00   -639.00         6    0.78951E-05   0.15132E-02
 -639.00   -638.00         1    0.13158E-05   0.15145E-02
 -638.00   -637.00         6    0.78951E-05   0.15224E-02
 -637.00   -636.00         4    0.52634E-05   0.15277E-02
 -636.00   -635.00         4    0.52634E-05   0.15330E-02
 -635.00   -634.00         7    0.92109E-05   0.15422E-02
 -634.00   -633.00         7    0.92109E-05   0.15514E-02
 -633.00   -632.00         8    0.10527E-04   0.15619E-02
 -632.00   -631.00         6    0.78951E-05   0.15698E-02
 -631.00   -630.00        10    0.13158E-04   0.15830E-02
 -630.00   -629.00         6    0.78951E-05   0.15909E-02
 -629.00   -628.00        10    0.13158E-04   0.16040E-02
 -628.00   -627.00         7    0.92109E-05   0.16132E-02
 -627.00   -626.00         8    0.10527E-04   0.16238E-02
 -626.00   -625.00         9    0.11843E-04   0.16356E-02
 -625.00   -624.00         3    0.39475E-05   0.16395E-02
 -624.00   -623.00         6    0.78951E-05   0.16474E-02
 -623.00   -622.00         6    0.78951E-05   0.16553E-02
 -622.00   -621.00         4    0.52634E-05   0.16606E-02
 -621.00   -620.00         8    0.10527E-04   0.16711E-02
 -620.00   -619.00         7    0.92109E-05   0.16803E-02
 -619.00   -618.00         9    0.11843E-04   0.16922E-02
 -618.00   -617.00         4    0.52634E-05   0.16974E-02
 -617.00   -616.00         3    0.39475E-05   0.17014E-02
 -616.00   -615.00         4    0.52634E-05   0.17066E-02
 -615.00   -614.00         5    0.65792E-05   0.17132E-02
 -614.00   -613.00         4    0.52634E-05   0.17185E-02
 -613.00   -612.00         8    0.10527E-04   0.17290E-02
 -612.00   -611.00         7    0.92109E-05   0.17382E-02
 -611.00   -610.00         5    0.65792E-05   0.17448E-02
 -610.00   -609.00         3    0.39475E-05   0.17488E-02
 -609.00   -608.00         6    0.78951E-05   0.17567E-02
 -608.00   -607.00         8    0.10527E-04   0.17672E-02
 -607.00   -606.00         7    0.92109E-05   0.17764E-02
 -606.00   -605.00         7    0.92109E-05   0.17856E-02
 -605.00   -604.00         5    0.65792E-05   0.17922E-02
 -604.00   -603.00         6    0.78951E-05   0.18001E-02
 -603.00   -602.00        10    0.13158E-04   0.18132E-02
 -602.00   -601.00         8    0.10527E-04   0.18238E-02
 -601.00   -600.00         3    0.39475E-05   0.18277E-02
 -600.00   -599.00        10    0.13158E-04   0.18409E-02
 -599.00   -598.00         7    0.92109E-05   0.18501E-02
 -598.00   -597.00         5    0.65792E-05   0.18567E-02
 -597.00   -596.00         7    0.92109E-05   0.18659E-02
 -596.00   -595.00         6    0.78951E-05   0.18738E-02
 -595.00   -594.00         7    0.92109E-05   0.18830E-02
 -594.00   -593.00         5    0.65792E-05   0.18896E-02
 -593.00   -592.00         8    0.10527E-04   0.19001E-02
 -592.00   -591.00         4    0.52634E-05   0.19053E-02
 -591.00   -590.00         9    0.11843E-04   0.19172E-02
 -590.00   -589.00         8    0.10527E-04   0.19277E-02
 -589.00   -588.00         6    0.78951E-05   0.19356E-02
 -588.00   -587.00        10    0.13158E-04   0.19488E-02
 -587.00   -586.00         8    0.10527E-04   0.19593E-02
 -586.00   -585.00         7    0.92109E-05   0.19685E-02
 -585.00   -584.00         7    0.92109E-05   0.19777E-02
 -584.00   -583.00        12    0.15790E-04   0.19935E-02
 -583.00   -582.00         6    0.78951E-05   0.20014E-02
 -582.00   -581.00         5    0.65792E-05   0.20080E-02
 -581.00   -580.00         8    0.10527E-04   0.20185E-02
 -580.00   -579.00         6    0.78951E-05   0.20264E-02
 -579.00   -578.00         5    0.65792E-05   0.20330E-02
 -578.00   -577.00         3    0.39475E-05   0.20369E-02
 -577.00   -576.00        11    0.14474E-04   0.20514E-02
 -576.00   -575.00        14    0.18422E-04   0.20698E-02
 -575.00   -574.00         7    0.92109E-05   0.20790E-02
 -574.00   -573.00        14    0.18422E-04   0.20975E-02
 -573.00   -572.00         9    0.11843E-04   0.21093E-02
 -572.00   -571.00        12    0.15790E-04   0.21251E-02
 -571.00   -570.00        11    0.14474E-04   0.21396E-02
 -570.00   -569.00         8    0.10527E-04   0.21501E-02
 -569.00   -568.00         5    0.65792E-05   0.21567E-02
 -568.00   -567.00         5    0.65792E-05   0.21632E-02
 -567.00   -566.00         8    0.10527E-04   0.21738E-02
 -566.00   -565.00         7    0.92109E-05   0.21830E-02
 -565.00   -564.00         9    0.11843E-04   0.21948E-02
 -564.00   -563.00         9    0.11843E-04   0.22067E-02
 -563.00   -562.00         9    0.11843E-04   0.22185E-02
 -562.00   -561.00        10    0.13158E-04   0.22317E-02
 -561.00   -560.00         7    0.92109E-05   0.22409E-02
 -560.00   -559.00        10    0.13158E-04   0.22540E-02
 -559.00   -558.00         9    0.11843E-04   0.22659E-02
 -558.00   -557.00        15    0.19738E-04   0.22856E-02
 -557.00   -556.00         9    0.11843E-04   0.22975E-02
 -556.00   -555.00         8    0.10527E-04   0.23080E-02
 -555.00   -554.00         5    0.65792E-05   0.23146E-02
 -554.00   -553.00        14    0.18422E-04   0.23330E-02
 -553.00   -552.00        15    0.19738E-04   0.23527E-02
 -552.00   -551.00         7    0.92109E-05   0.23619E-02
 -551.00   -550.00         7    0.92109E-05   0.23711E-02
 -550.00   -549.00        11    0.14474E-04   0.23856E-02
 -549.00   -548.00        10    0.13158E-04   0.23988E-02
 -548.00   -547.00         6    0.78951E-05   0.24067E-02
 -547.00   -546.00         5    0.65792E-05   0.24133E-02
 -546.00   -545.00        11    0.14474E-04   0.24277E-02
 -545.00   -544.00        15    0.19738E-04   0.24475E-02
 -544.00   -543.00        10    0.13158E-04   0.24606E-02
 -543.00   -542.00         4    0.52634E-05   0.24659E-02
 -542.00   -541.00        11    0.14474E-04   0.24804E-02
 -541.00   -540.00        11    0.14474E-04   0.24948E-02
 -540.00   -539.00        14    0.18422E-04   0.25133E-02
 -539.00   -538.00         4    0.52634E-05   0.25185E-02
 -538.00   -537.00        10    0.13158E-04   0.25317E-02
 -537.00   -536.00         8    0.10527E-04   0.25422E-02
 -536.00   -535.00        12    0.15790E-04   0.25580E-02
 -535.00   -534.00         9    0.11843E-04   0.25698E-02
 -534.00   -533.00        12    0.15790E-04   0.25856E-02
 -533.00   -532.00        16    0.21053E-04   0.26067E-02
 -532.00   -531.00        10    0.13158E-04   0.26198E-02
 -531.00   -530.00        10    0.13158E-04   0.26330E-02
 -530.00   -529.00        13    0.17106E-04   0.26501E-02
 -529.00   -528.00         9    0.11843E-04   0.26620E-02
 -528.00   -527.00        13    0.17106E-04   0.26791E-02
 -527.00   -526.00         7    0.92109E-05   0.26883E-02
 -526.00   -525.00        16    0.21053E-04   0.27093E-02
 -525.00   -524.00        14    0.18422E-04   0.27277E-02
 -524.00   -523.00        11    0.14474E-04   0.27422E-02
 -523.00   -522.00        17    0.22369E-04   0.27646E-02
 -522.00   -521.00        12    0.15790E-04   0.27804E-02
 -521.00   -520.00        13    0.17106E-04   0.27975E-02
 -520.00   -519.00         9    0.11843E-04   0.28093E-02
 -519.00   -518.00        11    0.14474E-04   0.28238E-02
 -518.00   -517.00        14    0.18422E-04   0.28422E-02
 -517.00   -516.00        12    0.15790E-04   0.28580E-02
 -516.00   -515.00        13    0.17106E-04   0.28751E-02
 -515.00   -514.00        11    0.14474E-04   0.28896E-02
 -514.00   -513.00        17    0.22369E-04   0.29120E-02
 -513.00   -512.00        15    0.19738E-04   0.29317E-02
 -512.00   -511.00        11    0.14474E-04   0.29462E-02
 -511.00   -510.00        13    0.17106E-04   0.29633E-02
 -510.00   -509.00        10    0.13158E-04   0.29764E-02
 -509.00   -508.00         6    0.78951E-05   0.29843E-02
 -508.00   -507.00         9    0.11843E-04   0.29962E-02
 -507.00   -506.00        10    0.13158E-04   0.30093E-02
 -506.00   -505.00        14    0.18422E-04   0.30278E-02
 -505.00   -504.00        12    0.15790E-04   0.30435E-02
 -504.00   -503.00         9    0.11843E-04   0.30554E-02
 -503.00   -502.00         9    0.11843E-04   0.30672E-02
 -502.00   -501.00        12    0.15790E-04   0.30830E-02
 -501.00   -500.00         7    0.92109E-05   0.30922E-02
 -500.00   -499.00        16    0.21053E-04   0.31133E-02
 -499.00   -498.00        17    0.22369E-04   0.31357E-02
 -498.00   -497.00        14    0.18422E-04   0.31541E-02
 -497.00   -496.00         9    0.11843E-04   0.31659E-02
 -496.00   -495.00        13    0.17106E-04   0.31830E-02
 -495.00   -494.00        22    0.28949E-04   0.32120E-02
 -494.00   -493.00        15    0.19738E-04   0.32317E-02
 -493.00   -492.00        11    0.14474E-04   0.32462E-02
 -492.00   -491.00        11    0.14474E-04   0.32607E-02
 -491.00   -490.00        17    0.22369E-04   0.32830E-02
 -490.00   -489.00        12    0.15790E-04   0.32988E-02
 -489.00   -488.00         9    0.11843E-04   0.33107E-02
 -488.00   -487.00        16    0.21053E-04   0.33317E-02
 -487.00   -486.00         9    0.11843E-04   0.33436E-02
 -486.00   -485.00        11    0.14474E-04   0.33580E-02
 -485.00   -484.00        12    0.15790E-04   0.33738E-02
 -484.00   -483.00        15    0.19738E-04   0.33936E-02
 -483.00   -482.00         9    0.11843E-04   0.34054E-02
 -482.00   -481.00        14    0.18422E-04   0.34238E-02
 -481.00   -480.00        15    0.19738E-04   0.34436E-02
 -480.00   -479.00        22    0.28949E-04   0.34725E-02
 -479.00   -478.00        16    0.21053E-04   0.34936E-02
 -478.00   -477.00        14    0.18422E-04   0.35120E-02
 -477.00   -476.00        15    0.19738E-04   0.35317E-02
 -476.00   -475.00        15    0.19738E-04   0.35515E-02
 -475.00   -474.00         8    0.10527E-04   0.35620E-02
 -474.00   -473.00        21    0.27633E-04   0.35896E-02
 -473.00   -472.00        16    0.21053E-04   0.36107E-02
 -472.00   -471.00        16    0.21053E-04   0.36317E-02
 -471.00   -470.00        14    0.18422E-04   0.36501E-02
 -470.00   -469.00         8    0.10527E-04   0.36607E-02
 -469.00   -468.00        16    0.21053E-04   0.36817E-02
 -468.00   -467.00        11    0.14474E-04   0.36962E-02
 -467.00   -466.00         8    0.10527E-04   0.37067E-02
 -466.00   -465.00        10    0.13158E-04   0.37199E-02
 -465.00   -464.00         9    0.11843E-04   0.37317E-02
 -464.00   -463.00         7    0.92109E-05   0.37409E-02
 -463.00   -462.00        15    0.19738E-04   0.37607E-02
 -462.00   -461.00        22    0.28949E-04   0.37896E-02
 -461.00   -460.00        11    0.14474E-04   0.38041E-02
 -460.00   -459.00         9    0.11843E-04   0.38159E-02
 -459.00   -458.00         9    0.11843E-04   0.38278E-02
 -458.00   -457.00        19    0.25001E-04   0.38528E-02
 -457.00   -456.00        16    0.21053E-04   0.38738E-02
 -456.00   -455.00        13    0.17106E-04   0.38909E-02
 -455.00   -454.00        11    0.14474E-04   0.39054E-02
 -454.00   -453.00        14    0.18422E-04   0.39238E-02
 -453.00   -452.00        18    0.23685E-04   0.39475E-02
 -452.00   -451.00        12    0.15790E-04   0.39633E-02
 -451.00   -450.00        24    0.31580E-04   0.39949E-02
 -450.00   -449.00         8    0.10527E-04   0.40054E-02
 -449.00   -448.00        11    0.14474E-04   0.40199E-02
 -448.00   -447.00        20    0.26317E-04   0.40462E-02
 -447.00   -446.00        13    0.17106E-04   0.40633E-02
 -446.00   -445.00        20    0.26317E-04   0.40896E-02
 -445.00   -444.00        16    0.21053E-04   0.41107E-02
 -444.00   -443.00        13    0.17106E-04   0.41278E-02
 -443.00   -442.00        21    0.27633E-04   0.41554E-02
 -442.00   -441.00        16    0.21053E-04   0.41765E-02
 -441.00   -440.00        25    0.32896E-04   0.42094E-02
 -440.00   -439.00        20    0.26317E-04   0.42357E-02
 -439.00   -438.00        14    0.18422E-04   0.42541E-02
 -438.00   -437.00        17    0.22369E-04   0.42765E-02
 -437.00   -436.00        18    0.23685E-04   0.43002E-02
 -436.00   -435.00        15    0.19738E-04   0.43199E-02
 -435.00   -434.00        17    0.22369E-04   0.43423E-02
 -434.00   -433.00        22    0.28949E-04   0.43712E-02
 -433.00   -432.00        23    0.30264E-04   0.44015E-02
 -432.00   -431.00        18    0.23685E-04   0.44252E-02
 -431.00   -430.00        13    0.17106E-04   0.44423E-02
 -430.00   -429.00        19    0.25001E-04   0.44673E-02
 -429.00   -428.00        16    0.21053E-04   0.44883E-02
 -428.00   -427.00        18    0.23685E-04   0.45120E-02
 -427.00   -426.00        15    0.19738E-04   0.45318E-02
 -426.00   -425.00        15    0.19738E-04   0.45515E-02
 -425.00   -424.00        15    0.19738E-04   0.45712E-02
 -424.00   -423.00        14    0.18422E-04   0.45897E-02
 -423.00   -422.00        14    0.18422E-04   0.46081E-02
 -422.00   -421.00        17    0.22369E-04   0.46305E-02
 -421.00   -420.00        19    0.25001E-04   0.46555E-02
 -420.00   -419.00        18    0.23685E-04   0.46791E-02
 -419.00   -418.00        10    0.13158E-04   0.46923E-02
 -418.00   -417.00        22    0.28949E-04   0.47212E-02
 -417.00   -416.00        23    0.30264E-04   0.47515E-02
 -416.00   -415.00        16    0.21053E-04   0.47726E-02
 -415.00   -414.00        15    0.19738E-04   0.47923E-02
 -414.00   -413.00        18    0.23685E-04   0.48160E-02
 -413.00   -412.00        23    0.30264E-04   0.48463E-02
 -412.00   -411.00        10    0.13158E-04   0.48594E-02
 -411.00   -410.00        22    0.28949E-04   0.48884E-02
 -410.00   -409.00        21    0.27633E-04   0.49160E-02
 -409.00   -408.00        20    0.26317E-04   0.49423E-02
 -408.00   -407.00        21    0.27633E-04   0.49699E-02
 -407.00   -406.00        22    0.28949E-04   0.49989E-02
 -406.00   -405.00        15    0.19738E-04   0.50186E-02
 -405.00   -404.00        19    0.25001E-04   0.50436E-02
 -404.00   -403.00        18    0.23685E-04   0.50673E-02
 -403.00   -402.00        13    0.17106E-04   0.50844E-02
 -402.00   -401.00        18    0.23685E-04   0.51081E-02
 -401.00   -400.00        23    0.30264E-04   0.51384E-02
 -400.00   -399.00        21    0.27633E-04   0.51660E-02
 -399.00   -398.00        18    0.23685E-04   0.51897E-02
 -398.00   -397.00        19    0.25001E-04   0.52147E-02
 -397.00   -396.00        20    0.26317E-04   0.52410E-02
 -396.00   -395.00        23    0.30264E-04   0.52713E-02
 -395.00   -394.00        16    0.21053E-04   0.52923E-02
 -394.00   -393.00        31    0.40791E-04   0.53331E-02
 -393.00   -392.00        17    0.22369E-04   0.53555E-02
 -392.00   -391.00        19    0.25001E-04   0.53805E-02
 -391.00   -390.00        20    0.26317E-04   0.54068E-02
 -390.00   -389.00        19    0.25001E-04   0.54318E-02
 -389.00   -388.00        32    0.42107E-04   0.54739E-02
 -388.00   -387.00        25    0.32896E-04   0.55068E-02
 -387.00   -386.00        16    0.21053E-04   0.55279E-02
 -386.00   -385.00        29    0.38159E-04   0.55660E-02
 -385.00   -384.00        29    0.38159E-04   0.56042E-02
 -384.00   -383.00        29    0.38159E-04   0.56423E-02
 -383.00   -382.00        25    0.32896E-04   0.56752E-02
 -382.00   -381.00        22    0.28949E-04   0.57042E-02
 -381.00   -380.00        20    0.26317E-04   0.57305E-02
 -380.00   -379.00        23    0.30264E-04   0.57608E-02
 -379.00   -378.00        21    0.27633E-04   0.57884E-02
 -378.00   -377.00        25    0.32896E-04   0.58213E-02
 -377.00   -376.00        21    0.27633E-04   0.58489E-02
 -376.00   -375.00        25    0.32896E-04   0.58818E-02
 -375.00   -374.00        25    0.32896E-04   0.59147E-02
 -374.00   -373.00        26    0.34212E-04   0.59489E-02
 -373.00   -372.00        22    0.28949E-04   0.59779E-02
 -372.00   -371.00        22    0.28949E-04   0.60068E-02
 -371.00   -370.00        20    0.26317E-04   0.60331E-02
 -370.00   -369.00        22    0.28949E-04   0.60621E-02
 -369.00   -368.00        30    0.39475E-04   0.61016E-02
 -368.00   -367.00        30    0.39475E-04   0.61410E-02
 -367.00   -366.00        33    0.43423E-04   0.61845E-02
 -366.00   -365.00        41    0.53950E-04   0.62384E-02
 -365.00   -364.00        32    0.42107E-04   0.62805E-02
 -364.00   -363.00        26    0.34212E-04   0.63147E-02
 -363.00   -362.00        18    0.23685E-04   0.63384E-02
 -362.00   -361.00        16    0.21053E-04   0.63595E-02
 -361.00   -360.00        22    0.28949E-04   0.63884E-02
 -360.00   -359.00        24    0.31580E-04   0.64200E-02
 -359.00   -358.00        23    0.30264E-04   0.64503E-02
 -358.00   -357.00        34    0.44739E-04   0.64950E-02
 -357.00   -356.00        18    0.23685E-04   0.65187E-02
 -356.00   -355.00        26    0.34212E-04   0.65529E-02
 -355.00   -354.00        32    0.42107E-04   0.65950E-02
 -354.00   -353.00        26    0.34212E-04   0.66292E-02
 -353.00   -352.00        31    0.40791E-04   0.66700E-02
 -352.00   -351.00        32    0.42107E-04   0.67121E-02
 -351.00   -350.00        23    0.30264E-04   0.67424E-02
 -350.00   -349.00        29    0.38159E-04   0.67805E-02
 -349.00   -348.00        32    0.42107E-04   0.68226E-02
 -348.00   -347.00        25    0.32896E-04   0.68555E-02
 -347.00   -346.00        24    0.31580E-04   0.68871E-02
 -346.00   -345.00        30    0.39475E-04   0.69266E-02
 -345.00   -344.00        26    0.34212E-04   0.69608E-02
 -344.00   -343.00        28    0.36844E-04   0.69977E-02
 -343.00   -342.00        16    0.21053E-04   0.70187E-02
 -342.00   -341.00        30    0.39475E-04   0.70582E-02
 -341.00   -340.00        24    0.31580E-04   0.70898E-02
 -340.00   -339.00        38    0.50002E-04   0.71398E-02
 -339.00   -338.00        17    0.22369E-04   0.71621E-02
 -338.00   -337.00        31    0.40791E-04   0.72029E-02
 -337.00   -336.00        33    0.43423E-04   0.72463E-02
 -336.00   -335.00        28    0.36844E-04   0.72832E-02
 -335.00   -334.00        26    0.34212E-04   0.73174E-02
 -334.00   -333.00        31    0.40791E-04   0.73582E-02
 -333.00   -332.00        29    0.38159E-04   0.73964E-02
 -332.00   -331.00        26    0.34212E-04   0.74306E-02
 -331.00   -330.00        26    0.34212E-04   0.74648E-02
 -330.00   -329.00        25    0.32896E-04   0.74977E-02
 -329.00   -328.00        35    0.46055E-04   0.75437E-02
 -328.00   -327.00        30    0.39475E-04   0.75832E-02
 -327.00   -326.00        35    0.46055E-04   0.76293E-02
 -326.00   -325.00        27    0.35528E-04   0.76648E-02
 -325.00   -324.00        30    0.39475E-04   0.77043E-02
 -324.00   -323.00        29    0.38159E-04   0.77424E-02
 -323.00   -322.00        28    0.36844E-04   0.77793E-02
 -322.00   -321.00        30    0.39475E-04   0.78187E-02
 -321.00   -320.00        35    0.46055E-04   0.78648E-02
 -320.00   -319.00        28    0.36844E-04   0.79016E-02
 -319.00   -318.00        29    0.38159E-04   0.79398E-02
 -318.00   -317.00        49    0.64476E-04   0.80043E-02
 -317.00   -316.00        31    0.40791E-04   0.80451E-02
 -316.00   -315.00        33    0.43423E-04   0.80885E-02
 -315.00   -314.00        31    0.40791E-04   0.81293E-02
 -314.00   -313.00        33    0.43423E-04   0.81727E-02
 -313.00   -312.00        32    0.42107E-04   0.82148E-02
 -312.00   -311.00        38    0.50002E-04   0.82648E-02
 -311.00   -310.00        50    0.65792E-04   0.83306E-02
 -310.00   -309.00        37    0.48686E-04   0.83793E-02
 -309.00   -308.00        35    0.46055E-04   0.84253E-02
 -308.00   -307.00        49    0.64476E-04   0.84898E-02
 -307.00   -306.00        43    0.56581E-04   0.85464E-02
 -306.00   -305.00        25    0.32896E-04   0.85793E-02
 -305.00   -304.00        34    0.44739E-04   0.86240E-02
 -304.00   -303.00        45    0.59213E-04   0.86832E-02
 -303.00   -302.00        36    0.47370E-04   0.87306E-02
 -302.00   -301.00        41    0.53950E-04   0.87846E-02
 -301.00   -300.00        35    0.46055E-04   0.88306E-02
 -300.00   -299.00        42    0.55265E-04   0.88859E-02
 -299.00   -298.00        47    0.61845E-04   0.89477E-02
 -298.00   -297.00        39    0.51318E-04   0.89991E-02
 -297.00   -296.00        39    0.51318E-04   0.90504E-02
 -296.00   -295.00        47    0.61845E-04   0.91122E-02
 -295.00   -294.00        54    0.71056E-04   0.91833E-02
 -294.00   -293.00        42    0.55265E-04   0.92385E-02
 -293.00   -292.00        38    0.50002E-04   0.92885E-02
 -292.00   -291.00        42    0.55265E-04   0.93438E-02
 -291.00   -290.00        42    0.55265E-04   0.93991E-02
 -290.00   -289.00        40    0.52634E-04   0.94517E-02
 -289.00   -288.00        50    0.65792E-04   0.95175E-02
 -288.00   -287.00        44    0.57897E-04   0.95754E-02
 -287.00   -286.00        29    0.38159E-04   0.96136E-02
 -286.00   -285.00        35    0.46055E-04   0.96596E-02
 -285.00   -284.00        39    0.51318E-04   0.97109E-02
 -284.00   -283.00        39    0.51318E-04   0.97622E-02
 -283.00   -282.00        44    0.57897E-04   0.98201E-02
 -282.00   -281.00        37    0.48686E-04   0.98688E-02
 -281.00   -280.00        31    0.40791E-04   0.99096E-02
 -280.00   -279.00        48    0.63160E-04   0.99728E-02
 -279.00   -278.00        42    0.55265E-04   0.10028E-01
 -278.00   -277.00        46    0.60529E-04   0.10089E-01
 -277.00   -276.00        47    0.61845E-04   0.10150E-01
 -276.00   -275.00        37    0.48686E-04   0.10199E-01
 -275.00   -274.00        33    0.43423E-04   0.10243E-01
 -274.00   -273.00        46    0.60529E-04   0.10303E-01
 -273.00   -272.00        51    0.67108E-04   0.10370E-01
 -272.00   -271.00        53    0.69740E-04   0.10440E-01
 -271.00   -270.00        39    0.51318E-04   0.10491E-01
 -270.00   -269.00        35    0.46055E-04   0.10537E-01
 -269.00   -268.00        42    0.55265E-04   0.10593E-01
 -268.00   -267.00        46    0.60529E-04   0.10653E-01
 -267.00   -266.00        43    0.56581E-04   0.10710E-01
 -266.00   -265.00        44    0.57897E-04   0.10768E-01
 -265.00   -264.00        25    0.32896E-04   0.10800E-01
 -264.00   -263.00        34    0.44739E-04   0.10845E-01
 -263.00   -262.00        46    0.60529E-04   0.10906E-01
 -262.00   -261.00        45    0.59213E-04   0.10965E-01
 -261.00   -260.00        41    0.53950E-04   0.11019E-01
 -260.00   -259.00        42    0.55265E-04   0.11074E-01
 -259.00   -258.00        40    0.52634E-04   0.11127E-01
 -258.00   -257.00        37    0.48686E-04   0.11175E-01
 -257.00   -256.00        52    0.68424E-04   0.11244E-01
 -256.00   -255.00        48    0.63160E-04   0.11307E-01
 -255.00   -254.00        45    0.59213E-04   0.11366E-01
 -254.00   -253.00        47    0.61845E-04   0.11428E-01
 -253.00   -252.00        44    0.57897E-04   0.11486E-01
 -252.00   -251.00        50    0.65792E-04   0.11552E-01
 -251.00   -250.00        48    0.63160E-04   0.11615E-01
 -250.00   -249.00        41    0.53950E-04   0.11669E-01
 -249.00   -248.00        43    0.56581E-04   0.11725E-01
 -248.00   -247.00        49    0.64476E-04   0.11790E-01
 -247.00   -246.00        37    0.48686E-04   0.11839E-01
 -246.00   -245.00        49    0.64476E-04   0.11903E-01
 -245.00   -244.00        47    0.61845E-04   0.11965E-01
 -244.00   -243.00        50    0.65792E-04   0.12031E-01
 -243.00   -242.00        48    0.63160E-04   0.12094E-01
 -242.00   -241.00        56    0.73687E-04   0.12168E-01
 -241.00   -240.00        50    0.65792E-04   0.12233E-01
 -240.00   -239.00        43    0.56581E-04   0.12290E-01
 -239.00   -238.00        55    0.72371E-04   0.12362E-01
 -238.00   -237.00        48    0.63160E-04   0.12426E-01
 -237.00   -236.00        59    0.77635E-04   0.12503E-01
 -236.00   -235.00        56    0.73687E-04   0.12577E-01
 -235.00   -234.00        60    0.78951E-04   0.12656E-01
 -234.00   -233.00        51    0.67108E-04   0.12723E-01
 -233.00   -232.00        68    0.89477E-04   0.12812E-01
 -232.00   -231.00        58    0.76319E-04   0.12889E-01
 -231.00   -230.00        64    0.84214E-04   0.12973E-01
 -230.00   -229.00        57    0.75003E-04   0.13048E-01
 -229.00   -228.00        73    0.96057E-04   0.13144E-01
 -228.00   -227.00        60    0.78951E-04   0.13223E-01
 -227.00   -226.00        66    0.86846E-04   0.13310E-01
 -226.00   -225.00        68    0.89477E-04   0.13399E-01
 -225.00   -224.00        70    0.92109E-04   0.13491E-01
 -224.00   -223.00        77    0.10132E-03   0.13593E-01
 -223.00   -222.00        49    0.64476E-04   0.13657E-01
 -222.00   -221.00        66    0.86846E-04   0.13744E-01
 -221.00   -220.00        72    0.94741E-04   0.13839E-01
 -220.00   -219.00        61    0.80266E-04   0.13919E-01
 -219.00   -218.00        65    0.85530E-04   0.14005E-01
 -218.00   -217.00        73    0.96057E-04   0.14101E-01
 -217.00   -216.00        62    0.81582E-04   0.14182E-01
 -216.00   -215.00        71    0.93425E-04   0.14276E-01
 -215.00   -214.00        65    0.85530E-04   0.14361E-01
 -214.00   -213.00        78    0.10264E-03   0.14464E-01
 -213.00   -212.00        72    0.94741E-04   0.14558E-01
 -212.00   -211.00        65    0.85530E-04   0.14644E-01
 -211.00   -210.00        71    0.93425E-04   0.14737E-01
 -210.00   -209.00        67    0.88161E-04   0.14826E-01
 -209.00   -208.00        73    0.96057E-04   0.14922E-01
 -208.00   -207.00        63    0.82898E-04   0.15005E-01
 -207.00   -206.00        82    0.10790E-03   0.15112E-01
 -206.00   -205.00        73    0.96057E-04   0.15209E-01
 -205.00   -204.00        73    0.96057E-04   0.15305E-01
 -204.00   -203.00        71    0.93425E-04   0.15398E-01
 -203.00   -202.00        77    0.10132E-03   0.15499E-01
 -202.00   -201.00        59    0.77635E-04   0.15577E-01
 -201.00   -200.00        78    0.10264E-03   0.15680E-01
 -200.00   -199.00        77    0.10132E-03   0.15781E-01
 -199.00   -198.00        80    0.10527E-03   0.15886E-01
 -198.00   -197.00        82    0.10790E-03   0.15994E-01
 -197.00   -196.00        96    0.12632E-03   0.16120E-01
 -196.00   -195.00       100    0.13158E-03   0.16252E-01
 -195.00   -194.00        93    0.12237E-03   0.16374E-01
 -194.00   -193.00        88    0.11579E-03   0.16490E-01
 -193.00   -192.00        81    0.10658E-03   0.16597E-01
 -192.00   -191.00        97    0.12764E-03   0.16724E-01
 -191.00   -190.00        78    0.10264E-03   0.16827E-01
 -190.00   -189.00        93    0.12237E-03   0.16949E-01
 -189.00   -188.00        95    0.12501E-03   0.17074E-01
 -188.00   -187.00        86    0.11316E-03   0.17188E-01
 -187.00   -186.00        91    0.11974E-03   0.17307E-01
 -186.00   -185.00        82    0.10790E-03   0.17415E-01
 -185.00   -184.00        95    0.12501E-03   0.17540E-01
 -184.00   -183.00        90    0.11843E-03   0.17659E-01
 -183.00   -182.00       101    0.13290E-03   0.17792E-01
 -182.00   -181.00        90    0.11843E-03   0.17910E-01
 -181.00   -180.00        93    0.12237E-03   0.18032E-01
 -180.00   -179.00       110    0.14474E-03   0.18177E-01
 -179.00   -178.00       101    0.13290E-03   0.18310E-01
 -178.00   -177.00        99    0.13027E-03   0.18440E-01
 -177.00   -176.00        90    0.11843E-03   0.18559E-01
 -176.00   -175.00       104    0.13685E-03   0.18695E-01
 -175.00   -174.00       103    0.13553E-03   0.18831E-01
 -174.00   -173.00       101    0.13290E-03   0.18964E-01
 -173.00   -172.00        99    0.13027E-03   0.19094E-01
 -172.00   -171.00       103    0.13553E-03   0.19230E-01
 -171.00   -170.00       110    0.14474E-03   0.19374E-01
 -170.00   -169.00       115    0.15132E-03   0.19526E-01
 -169.00   -168.00       106    0.13948E-03   0.19665E-01
 -168.00   -167.00       100    0.13158E-03   0.19797E-01
 -167.00   -166.00       106    0.13948E-03   0.19936E-01
 -166.00   -165.00       120    0.15790E-03   0.20094E-01
 -165.00   -164.00       112    0.14737E-03   0.20242E-01
 -164.00   -163.00        95    0.12501E-03   0.20367E-01
 -163.00   -162.00       108    0.14211E-03   0.20509E-01
 -162.00   -161.00        92    0.12106E-03   0.20630E-01
 -161.00   -160.00       112    0.14737E-03   0.20777E-01
 -160.00   -159.00       121    0.15922E-03   0.20936E-01
 -159.00   -158.00       105    0.13816E-03   0.21075E-01
 -158.00   -157.00       100    0.13158E-03   0.21206E-01
 -157.00   -156.00       120    0.15790E-03   0.21364E-01
 -156.00   -155.00       131    0.17238E-03   0.21536E-01
 -155.00   -154.00       136    0.17895E-03   0.21715E-01
 -154.00   -153.00       110    0.14474E-03   0.21860E-01
 -153.00   -152.00       136    0.17895E-03   0.22039E-01
 -152.00   -151.00       142    0.18685E-03   0.22226E-01
 -151.00   -150.00       125    0.16448E-03   0.22390E-01
 -150.00   -149.00       138    0.18159E-03   0.22572E-01
 -149.00   -148.00       146    0.19211E-03   0.22764E-01
 -148.00   -147.00       124    0.16316E-03   0.22927E-01
 -147.00   -146.00       129    0.16974E-03   0.23097E-01
 -146.00   -145.00       144    0.18948E-03   0.23286E-01
 -145.00   -144.00       124    0.16316E-03   0.23450E-01
 -144.00   -143.00       121    0.15922E-03   0.23609E-01
 -143.00   -142.00       131    0.17238E-03   0.23781E-01
 -142.00   -141.00       104    0.13685E-03   0.23918E-01
 -141.00   -140.00       138    0.18159E-03   0.24100E-01
 -140.00   -139.00       151    0.19869E-03   0.24298E-01
 -139.00   -138.00       135    0.17764E-03   0.24476E-01
 -138.00   -137.00       130    0.17106E-03   0.24647E-01
 -137.00   -136.00       140    0.18422E-03   0.24831E-01
 -136.00   -135.00       135    0.17764E-03   0.25009E-01
 -135.00   -134.00       144    0.18948E-03   0.25198E-01
 -134.00   -133.00       141    0.18553E-03   0.25384E-01
 -133.00   -132.00       145    0.19080E-03   0.25575E-01
 -132.00   -131.00       145    0.19080E-03   0.25766E-01
 -131.00   -130.00       151    0.19869E-03   0.25964E-01
 -130.00   -129.00       143    0.18817E-03   0.26152E-01
 -129.00   -128.00       167    0.21975E-03   0.26372E-01
 -128.00   -127.00       183    0.24080E-03   0.26613E-01
 -127.00   -126.00       180    0.23685E-03   0.26850E-01
 -126.00   -125.00       176    0.23159E-03   0.27081E-01
 -125.00   -124.00       198    0.26054E-03   0.27342E-01
 -124.00   -123.00       215    0.28291E-03   0.27625E-01
 -123.00   -122.00       217    0.28554E-03   0.27910E-01
 -122.00   -121.00       204    0.26843E-03   0.28179E-01
 -121.00   -120.00       179    0.23554E-03   0.28414E-01
 -120.00   -119.00       198    0.26054E-03   0.28675E-01
 -119.00   -118.00       188    0.24738E-03   0.28922E-01
 -118.00   -117.00       182    0.23948E-03   0.29162E-01
 -117.00   -116.00       226    0.29738E-03   0.29459E-01
 -116.00   -115.00       212    0.27896E-03   0.29738E-01
 -115.00   -114.00       215    0.28291E-03   0.30021E-01
 -114.00   -113.00       235    0.30922E-03   0.30330E-01
 -113.00   -112.00       241    0.31712E-03   0.30647E-01
 -112.00   -111.00       244    0.32107E-03   0.30968E-01
 -111.00   -110.00       260    0.34212E-03   0.31310E-01
 -110.00   -109.00       272    0.35791E-03   0.31668E-01
 -109.00   -108.00       245    0.32238E-03   0.31991E-01
 -108.00   -107.00       300    0.39475E-03   0.32386E-01
 -107.00   -106.00       265    0.34870E-03   0.32734E-01
 -106.00   -105.00       286    0.37633E-03   0.33111E-01
 -105.00   -104.00       319    0.41975E-03   0.33530E-01
 -104.00   -103.00       347    0.45660E-03   0.33987E-01
 -103.00   -102.00       342    0.45002E-03   0.34437E-01
 -102.00   -101.00       347    0.45660E-03   0.34894E-01
 -101.00   -100.00       345    0.45397E-03   0.35347E-01
 -100.00    -99.00       341    0.44870E-03   0.35796E-01
  -99.00    -98.00       333    0.43818E-03   0.36234E-01
  -98.00    -97.00       365    0.48028E-03   0.36715E-01
  -97.00    -96.00       378    0.49739E-03   0.37212E-01
  -96.00    -95.00       433    0.56976E-03   0.37782E-01
  -95.00    -94.00       451    0.59345E-03   0.38375E-01
  -94.00    -93.00       432    0.56844E-03   0.38944E-01
  -93.00    -92.00       457    0.60134E-03   0.39545E-01
  -92.00    -91.00       527    0.69345E-03   0.40238E-01
  -91.00    -90.00       435    0.57239E-03   0.40811E-01
  -90.00    -89.00       463    0.60924E-03   0.41420E-01
  -89.00    -88.00       516    0.67898E-03   0.42099E-01
  -88.00    -87.00       532    0.70003E-03   0.42799E-01
  -87.00    -86.00       604    0.79477E-03   0.43594E-01
  -86.00    -85.00       623    0.81977E-03   0.44414E-01
  -85.00    -84.00       684    0.90004E-03   0.45314E-01
  -84.00    -83.00       690    0.90793E-03   0.46222E-01
  -83.00    -82.00       787    0.10356E-02   0.47257E-01
  -82.00    -81.00       758    0.99741E-03   0.48255E-01
  -81.00    -80.00       769    0.10119E-02   0.49266E-01
  -80.00    -79.00       923    0.12145E-02   0.50481E-01
  -79.00    -78.00       839    0.11040E-02   0.51585E-01
  -78.00    -77.00       945    0.12435E-02   0.52828E-01
  -77.00    -76.00       974    0.12816E-02   0.54110E-01
  -76.00    -75.00      1056    0.13895E-02   0.55500E-01
  -75.00    -74.00      1099    0.14461E-02   0.56946E-01
  -74.00    -73.00      1178    0.15501E-02   0.58496E-01
  -73.00    -72.00      1194    0.15711E-02   0.60067E-01
  -72.00    -71.00      1422    0.18711E-02   0.61938E-01
  -71.00    -70.00      1500    0.19738E-02   0.63912E-01
  -70.00    -69.00      1590    0.20922E-02   0.66004E-01
  -69.00    -68.00      1680    0.22106E-02   0.68215E-01
  -68.00    -67.00      1940    0.25527E-02   0.70767E-01
  -67.00    -66.00      2130    0.28027E-02   0.73570E-01
  -66.00    -65.00      2201    0.28962E-02   0.76466E-01
  -65.00    -64.00      2587    0.34041E-02   0.79870E-01
  -64.00    -63.00      2968    0.39054E-02   0.83776E-01
  -63.00    -62.00      3311    0.43568E-02   0.88133E-01
  -62.00    -61.00      3829    0.50384E-02   0.93171E-01
  -61.00    -60.00      4077    0.53647E-02   0.98536E-01
  -60.00    -59.00      4712    0.62003E-02   0.10474E+00
  -59.00    -58.00      5412    0.71213E-02   0.11186E+00
  -58.00    -57.00      5781    0.76069E-02   0.11946E+00
  -57.00    -56.00      7052    0.92793E-02   0.12874E+00
  -56.00    -55.00      7439    0.97886E-02   0.13853E+00
  -55.00    -54.00      8764    0.11532E-01   0.15006E+00
  -54.00    -53.00      9900    0.13027E-01   0.16309E+00
  -53.00    -52.00     11594    0.15256E-01   0.17835E+00
  -52.00    -51.00     12443    0.16373E-01   0.19472E+00
  -51.00    -50.00     13586    0.17877E-01   0.21260E+00
  -50.00    -49.00     15119    0.19894E-01   0.23249E+00
  -49.00    -48.00     16061    0.21134E-01   0.25362E+00
  -48.00    -47.00     16297    0.21444E-01   0.27507E+00
  -47.00    -46.00     16892    0.22227E-01   0.29730E+00
  -46.00    -45.00     17629    0.23197E-01   0.32049E+00
  -45.00    -44.00     18472    0.24306E-01   0.34480E+00
  -44.00    -43.00     19590    0.25777E-01   0.37058E+00
  -43.00    -42.00     20386    0.26825E-01   0.39740E+00
  -42.00    -41.00     22685    0.29850E-01   0.42725E+00
  -41.00    -40.00     24378    0.32078E-01   0.45933E+00
  -40.00    -39.00     26944    0.35454E-01   0.49478E+00
  -39.00    -38.00     29617    0.38971E-01   0.53375E+00
  -38.00    -37.00     31639    0.41632E-01   0.57539E+00
  -37.00    -36.00     32066    0.42194E-01   0.61758E+00
  -36.00    -35.00     30447    0.40063E-01   0.65764E+00
  -35.00    -34.00     27769    0.36540E-01   0.69418E+00
  -34.00    -33.00     25368    0.33380E-01   0.72756E+00
  -33.00    -32.00     21566    0.28377E-01   0.75594E+00
  -32.00    -31.00     18537    0.24392E-01   0.78033E+00
  -31.00    -30.00     17678    0.23261E-01   0.80359E+00
  -30.00    -29.00     16574    0.21809E-01   0.82540E+00
  -29.00    -28.00     14171    0.18647E-01   0.84405E+00
  -28.00    -27.00     11694    0.15387E-01   0.85944E+00
  -27.00    -26.00      9927    0.13062E-01   0.87250E+00
  -26.00    -25.00      8409    0.11065E-01   0.88357E+00
  -25.00    -24.00      7213    0.94912E-02   0.89306E+00
  -24.00    -23.00      6557    0.86280E-02   0.90168E+00
  -23.00    -22.00      5530    0.72766E-02   0.90896E+00
  -22.00    -21.00      4594    0.60450E-02   0.91501E+00
  -21.00    -20.00      3925    0.51647E-02   0.92017E+00
  -20.00    -19.00      3597    0.47331E-02   0.92490E+00
  -19.00    -18.00      3094    0.40712E-02   0.92897E+00
  -18.00    -17.00      2694    0.35449E-02   0.93252E+00
  -17.00    -16.00      2555    0.33620E-02   0.93588E+00
  -16.00    -15.00      2290    0.30133E-02   0.93889E+00
  -15.00    -14.00      2095    0.27567E-02   0.94165E+00
  -14.00    -13.00      1951    0.25672E-02   0.94422E+00
  -13.00    -12.00      1688    0.22211E-02   0.94644E+00
  -12.00    -11.00      1603    0.21093E-02   0.94855E+00
  -11.00    -10.00      1544    0.20317E-02   0.95058E+00
  -10.00     -9.00      1438    0.18922E-02   0.95247E+00
   -9.00     -8.00      1242    0.16343E-02   0.95411E+00
   -8.00     -7.00      1149    0.15119E-02   0.95562E+00
   -7.00     -6.00      1043    0.13724E-02   0.95699E+00
   -6.00     -5.00      1014    0.13343E-02   0.95833E+00
   -5.00     -4.00      1010    0.13290E-02   0.95965E+00
   -4.00     -3.00       957    0.12593E-02   0.96091E+00
   -3.00     -2.00       882    0.11606E-02   0.96207E+00
   -2.00     -1.00       840    0.11053E-02   0.96318E+00
   -1.00      0.00       811    0.10671E-02   0.96425E+00
    0.00      1.00       732    0.96320E-03   0.96521E+00
    1.00      2.00       688    0.90530E-03   0.96612E+00
    2.00      3.00       610    0.80266E-03   0.96692E+00
    3.00      4.00       616    0.81056E-03   0.96773E+00
    4.00      5.00       557    0.73292E-03   0.96846E+00
    5.00      6.00       547    0.71977E-03   0.96918E+00
    6.00      7.00       558    0.73424E-03   0.96992E+00
    7.00      8.00       463    0.60924E-03   0.97053E+00
    8.00      9.00       462    0.60792E-03   0.97113E+00
    9.00     10.00       448    0.58950E-03   0.97172E+00
   10.00     11.00       455    0.59871E-03   0.97232E+00
   11.00     12.00       424    0.55792E-03   0.97288E+00
   12.00     13.00       426    0.56055E-03   0.97344E+00
   13.00     14.00       407    0.53555E-03   0.97398E+00
   14.00     15.00       390    0.51318E-03   0.97449E+00
   15.00     16.00       353    0.46449E-03   0.97495E+00
   16.00     17.00       363    0.47765E-03   0.97543E+00
   17.00     18.00       340    0.44739E-03   0.97588E+00
   18.00     19.00       352    0.46318E-03   0.97634E+00
   19.00     20.00       291    0.38291E-03   0.97672E+00
   20.00     21.00       345    0.45397E-03   0.97718E+00
   21.00     22.00       310    0.40791E-03   0.97759E+00
   22.00     23.00       319    0.41975E-03   0.97801E+00
   23.00     24.00       284    0.37370E-03   0.97838E+00
   24.00     25.00       283    0.37238E-03   0.97875E+00
   25.00     26.00       246    0.32370E-03   0.97908E+00
   26.00     27.00       260    0.34212E-03   0.97942E+00
   27.00     28.00       278    0.36580E-03   0.97978E+00
   28.00     29.00       265    0.34870E-03   0.98013E+00
   29.00     30.00       256    0.33686E-03   0.98047E+00
   30.00     31.00       218    0.28685E-03   0.98076E+00
   31.00     32.00       227    0.29870E-03   0.98105E+00
   32.00     33.00       235    0.30922E-03   0.98136E+00
   33.00     34.00       220    0.28949E-03   0.98165E+00
   34.00     35.00       223    0.29343E-03   0.98195E+00
   35.00     36.00       223    0.29343E-03   0.98224E+00
   36.00     37.00       183    0.24080E-03   0.98248E+00
   37.00     38.00       192    0.25264E-03   0.98273E+00
   38.00     39.00       163    0.21448E-03   0.98295E+00
   39.00     40.00       166    0.21843E-03   0.98317E+00
   40.00     41.00       191    0.25133E-03   0.98342E+00
   41.00     42.00       188    0.24738E-03   0.98367E+00
   42.00     43.00       191    0.25133E-03   0.98392E+00
   43.00     44.00       174    0.22896E-03   0.98415E+00
   44.00     45.00       165    0.21711E-03   0.98436E+00
   45.00     46.00       171    0.22501E-03   0.98459E+00
   46.00     47.00       140    0.18422E-03   0.98477E+00
   47.00     48.00       168    0.22106E-03   0.98499E+00
   48.00     49.00       180    0.23685E-03   0.98523E+00
   49.00     50.00       127    0.16711E-03   0.98540E+00
   50.00     51.00       151    0.19869E-03   0.98560E+00
   51.00     52.00       163    0.21448E-03   0.98581E+00
   52.00     53.00       140    0.18422E-03   0.98599E+00
   53.00     54.00       134    0.17632E-03   0.98617E+00
   54.00     55.00       161    0.21185E-03   0.98638E+00
   55.00     56.00       143    0.18817E-03   0.98657E+00
   56.00     57.00       137    0.18027E-03   0.98675E+00
   57.00     58.00       142    0.18685E-03   0.98694E+00
   58.00     59.00       137    0.18027E-03   0.98712E+00
   59.00     60.00       144    0.18948E-03   0.98731E+00
   60.00     61.00       143    0.18817E-03   0.98750E+00
   61.00     62.00       121    0.15922E-03   0.98765E+00
   62.00     63.00       142    0.18685E-03   0.98784E+00
   63.00     64.00       120    0.15790E-03   0.98800E+00
   64.00     65.00       121    0.15922E-03   0.98816E+00
   65.00     66.00       119    0.15659E-03   0.98832E+00
   66.00     67.00       133    0.17501E-03   0.98849E+00
   67.00     68.00       106    0.13948E-03   0.98863E+00
   68.00     69.00       118    0.15527E-03   0.98879E+00
   69.00     70.00       127    0.16711E-03   0.98895E+00
   70.00     71.00       122    0.16053E-03   0.98911E+00
   71.00     72.00       120    0.15790E-03   0.98927E+00
   72.00     73.00        87    0.11448E-03   0.98939E+00
   73.00     74.00       105    0.13816E-03   0.98952E+00
   74.00     75.00       110    0.14474E-03   0.98967E+00
   75.00     76.00        93    0.12237E-03   0.98979E+00
   76.00     77.00        85    0.11185E-03   0.98990E+00
   77.00     78.00       101    0.13290E-03   0.99004E+00
   78.00     79.00       105    0.13816E-03   0.99017E+00
   79.00     80.00        95    0.12501E-03   0.99030E+00
   80.00     81.00        87    0.11448E-03   0.99041E+00
   81.00     82.00        91    0.11974E-03   0.99053E+00
   82.00     83.00        90    0.11843E-03   0.99065E+00
   83.00     84.00        88    0.11579E-03   0.99077E+00
   84.00     85.00        87    0.11448E-03   0.99088E+00
   85.00     86.00        81    0.10658E-03   0.99099E+00
   86.00     87.00        92    0.12106E-03   0.99111E+00
   87.00     88.00        76    0.10000E-03   0.99121E+00
   88.00     89.00        69    0.90793E-04   0.99130E+00
   89.00     90.00        52    0.68424E-04   0.99137E+00
   90.00     91.00        77    0.10132E-03   0.99147E+00
   91.00     92.00        65    0.85530E-04   0.99155E+00
   92.00     93.00        62    0.81582E-04   0.99164E+00
   93.00     94.00        56    0.73687E-04   0.99171E+00
   94.00     95.00        64    0.84214E-04   0.99179E+00
   95.00     96.00        53    0.69740E-04   0.99186E+00
   96.00     97.00        68    0.89477E-04   0.99195E+00
   97.00     98.00        80    0.10527E-03   0.99206E+00
   98.00     99.00        75    0.98688E-04   0.99216E+00
   99.00    100.00        59    0.77635E-04   0.99224E+00
  100.00    101.00        71    0.93425E-04   0.99233E+00
  101.00    102.00        81    0.10658E-03   0.99244E+00
  102.00    103.00        62    0.81582E-04   0.99252E+00
  103.00    104.00        65    0.85530E-04   0.99260E+00
  104.00    105.00        73    0.96057E-04   0.99270E+00
  105.00    106.00        61    0.80266E-04   0.99278E+00
  106.00    107.00        48    0.63160E-04   0.99284E+00
  107.00    108.00        53    0.69740E-04   0.99291E+00
  108.00    109.00        64    0.84214E-04   0.99300E+00
  109.00    110.00        58    0.76319E-04   0.99307E+00
  110.00    111.00        59    0.77635E-04   0.99315E+00
  111.00    112.00        60    0.78951E-04   0.99323E+00
  112.00    113.00        64    0.84214E-04   0.99331E+00
  113.00    114.00        73    0.96057E-04   0.99341E+00
  114.00    115.00        66    0.86846E-04   0.99350E+00
  115.00    116.00        56    0.73687E-04   0.99357E+00
  116.00    117.00        47    0.61845E-04   0.99363E+00
  117.00    118.00        55    0.72371E-04   0.99370E+00
  118.00    119.00        65    0.85530E-04   0.99379E+00
  119.00    120.00        53    0.69740E-04   0.99386E+00
  120.00    121.00        45    0.59213E-04   0.99392E+00
  121.00    122.00        43    0.56581E-04   0.99397E+00
  122.00    123.00        32    0.42107E-04   0.99402E+00
  123.00    124.00        50    0.65792E-04   0.99408E+00
  124.00    125.00        49    0.64476E-04   0.99415E+00
  125.00    126.00        43    0.56581E-04   0.99420E+00
  126.00    127.00        41    0.53950E-04   0.99426E+00
  127.00    128.00        45    0.59213E-04   0.99432E+00
  128.00    129.00        45    0.59213E-04   0.99438E+00
  129.00    130.00        60    0.78951E-04   0.99446E+00
  130.00    131.00        42    0.55265E-04   0.99451E+00
  131.00    132.00        34    0.44739E-04   0.99456E+00
  132.00    133.00        32    0.42107E-04   0.99460E+00
  133.00    134.00        51    0.67108E-04   0.99466E+00
  134.00    135.00        43    0.56581E-04   0.99472E+00
  135.00    136.00        48    0.63160E-04   0.99478E+00
  136.00    137.00        45    0.59213E-04   0.99484E+00
  137.00    138.00        44    0.57897E-04   0.99490E+00
  138.00    139.00        38    0.50002E-04   0.99495E+00
  139.00    140.00        45    0.59213E-04   0.99501E+00
  140.00    141.00        38    0.50002E-04   0.99506E+00
  141.00    142.00        32    0.42107E-04   0.99510E+00
  142.00    143.00        54    0.71056E-04   0.99517E+00
  143.00    144.00        43    0.56581E-04   0.99523E+00
  144.00    145.00        37    0.48686E-04   0.99528E+00
  145.00    146.00        37    0.48686E-04   0.99533E+00
  146.00    147.00        37    0.48686E-04   0.99538E+00
  147.00    148.00        28    0.36844E-04   0.99541E+00
  148.00    149.00        21    0.27633E-04   0.99544E+00
  149.00    150.00        45    0.59213E-04   0.99550E+00
  150.00    151.00        40    0.52634E-04   0.99555E+00
  151.00    152.00        26    0.34212E-04   0.99559E+00
  152.00    153.00        39    0.51318E-04   0.99564E+00
  153.00    154.00        41    0.53950E-04   0.99569E+00
  154.00    155.00        30    0.39475E-04   0.99573E+00
  155.00    156.00        33    0.43423E-04   0.99577E+00
  156.00    157.00        41    0.53950E-04   0.99583E+00
  157.00    158.00        32    0.42107E-04   0.99587E+00
  158.00    159.00        37    0.48686E-04   0.99592E+00
  159.00    160.00        38    0.50002E-04   0.99597E+00
  160.00    161.00        38    0.50002E-04   0.99602E+00
  161.00    162.00        44    0.57897E-04   0.99608E+00
  162.00    163.00        33    0.43423E-04   0.99612E+00
  163.00    164.00        50    0.65792E-04   0.99619E+00
  164.00    165.00        42    0.55265E-04   0.99624E+00
  165.00    166.00        34    0.44739E-04   0.99629E+00
  166.00    167.00        29    0.38159E-04   0.99632E+00
  167.00    168.00        18    0.23685E-04   0.99635E+00
  168.00    169.00        31    0.40791E-04   0.99639E+00
  169.00    170.00        26    0.34212E-04   0.99642E+00
  170.00    171.00        44    0.57897E-04   0.99648E+00
  171.00    172.00        34    0.44739E-04   0.99653E+00
  172.00    173.00        23    0.30264E-04   0.99656E+00
  173.00    174.00        28    0.36844E-04   0.99659E+00
  174.00    175.00        28    0.36844E-04   0.99663E+00
  175.00    176.00        29    0.38159E-04   0.99667E+00
  176.00    177.00        27    0.35528E-04   0.99670E+00
  177.00    178.00        27    0.35528E-04   0.99674E+00
  178.00    179.00        23    0.30264E-04   0.99677E+00
  179.00    180.00        27    0.35528E-04   0.99681E+00
  180.00    181.00        26    0.34212E-04   0.99684E+00
  181.00    182.00        36    0.47370E-04   0.99689E+00
  182.00    183.00        25    0.32896E-04   0.99692E+00
  183.00    184.00        31    0.40791E-04   0.99696E+00
  184.00    185.00        22    0.28949E-04   0.99699E+00
  185.00    186.00        20    0.26317E-04   0.99702E+00
  186.00    187.00        24    0.31580E-04   0.99705E+00
  187.00    188.00        26    0.34212E-04   0.99708E+00
  188.00    189.00        20    0.26317E-04   0.99711E+00
  189.00    190.00        19    0.25001E-04   0.99713E+00
  190.00    191.00        17    0.22369E-04   0.99716E+00
  191.00    192.00        26    0.34212E-04   0.99719E+00
  192.00    193.00        24    0.31580E-04   0.99722E+00
  193.00    194.00        16    0.21053E-04   0.99724E+00
  194.00    195.00        20    0.26317E-04   0.99727E+00
  195.00    196.00        23    0.30264E-04   0.99730E+00
  196.00    197.00        25    0.32896E-04   0.99733E+00
  197.00    198.00        25    0.32896E-04   0.99736E+00
  198.00    199.00        21    0.27633E-04   0.99739E+00
  199.00    200.00        29    0.38159E-04   0.99743E+00
  200.00    201.00        24    0.31580E-04   0.99746E+00
  201.00    202.00        23    0.30264E-04   0.99749E+00
  202.00    203.00        15    0.19738E-04   0.99751E+00
  203.00    204.00        22    0.28949E-04   0.99754E+00
  204.00    205.00        23    0.30264E-04   0.99757E+00
  205.00    206.00        22    0.28949E-04   0.99760E+00
  206.00    207.00        18    0.23685E-04   0.99762E+00
  207.00    208.00        17    0.22369E-04   0.99765E+00
  208.00    209.00        20    0.26317E-04   0.99767E+00
  209.00    210.00        20    0.26317E-04   0.99770E+00
  210.00    211.00        16    0.21053E-04   0.99772E+00
  211.00    212.00        20    0.26317E-04   0.99775E+00
  212.00    213.00        16    0.21053E-04   0.99777E+00
  213.00    214.00        17    0.22369E-04   0.99779E+00
  214.00    215.00        17    0.22369E-04   0.99781E+00
  215.00    216.00        25    0.32896E-04   0.99784E+00
  216.00    217.00        17    0.22369E-04   0.99787E+00
  217.00    218.00        15    0.19738E-04   0.99789E+00
  218.00    219.00        18    0.23685E-04   0.99791E+00
  219.00    220.00        20    0.26317E-04   0.99794E+00
  220.00    221.00        18    0.23685E-04   0.99796E+00
  221.00    222.00        22    0.28949E-04   0.99799E+00
  222.00    223.00        22    0.28949E-04   0.99802E+00
  223.00    224.00        13    0.17106E-04   0.99804E+00
  224.00    225.00        14    0.18422E-04   0.99805E+00
  225.00    226.00        16    0.21053E-04   0.99807E+00
  226.00    227.00        20    0.26317E-04   0.99810E+00
  227.00    228.00        17    0.22369E-04   0.99812E+00
  228.00    229.00        12    0.15790E-04   0.99814E+00
  229.00    230.00        13    0.17106E-04   0.99816E+00
  230.00    231.00        18    0.23685E-04   0.99818E+00
  231.00    232.00        16    0.21053E-04   0.99820E+00
  232.00    233.00        17    0.22369E-04   0.99822E+00
  233.00    234.00        12    0.15790E-04   0.99824E+00
  234.00    235.00         9    0.11843E-04   0.99825E+00
  235.00    236.00        12    0.15790E-04   0.99827E+00
  236.00    237.00        17    0.22369E-04   0.99829E+00
  237.00    238.00        18    0.23685E-04   0.99831E+00
  238.00    239.00        19    0.25001E-04   0.99834E+00
  239.00    240.00         9    0.11843E-04   0.99835E+00
  240.00    241.00        17    0.22369E-04   0.99837E+00
  241.00    242.00        13    0.17106E-04   0.99839E+00
  242.00    243.00        13    0.17106E-04   0.99841E+00
  243.00    244.00        17    0.22369E-04   0.99843E+00
  244.00    245.00        10    0.13158E-04   0.99844E+00
  245.00    246.00        17    0.22369E-04   0.99846E+00
  246.00    247.00        10    0.13158E-04   0.99848E+00
  247.00    248.00        14    0.18422E-04   0.99850E+00
  248.00    249.00        13    0.17106E-04   0.99851E+00
  249.00    250.00         9    0.11843E-04   0.99852E+00
  250.00    251.00        10    0.13158E-04   0.99854E+00
  251.00    252.00        14    0.18422E-04   0.99856E+00
  252.00    253.00        12    0.15790E-04   0.99857E+00
  253.00    254.00        12    0.15790E-04   0.99859E+00
  254.00    255.00        11    0.14474E-04   0.99860E+00
  255.00    256.00         9    0.11843E-04   0.99861E+00
  256.00    257.00        12    0.15790E-04   0.99863E+00
  257.00    258.00        15    0.19738E-04   0.99865E+00
  258.00    259.00         8    0.10527E-04   0.99866E+00
  259.00    260.00         9    0.11843E-04   0.99867E+00
  260.00    261.00         8    0.10527E-04   0.99868E+00
  261.00    262.00         5    0.65792E-05   0.99869E+00
  262.00    263.00        15    0.19738E-04   0.99871E+00
  263.00    264.00         7    0.92109E-05   0.99872E+00
  264.00    265.00        10    0.13158E-04   0.99873E+00
  265.00    266.00        10    0.13158E-04   0.99874E+00
  266.00    267.00        12    0.15790E-04   0.99876E+00
  267.00    268.00        11    0.14474E-04   0.99877E+00
  268.00    269.00         7    0.92109E-05   0.99878E+00
  269.00    270.00        13    0.17106E-04   0.99880E+00
  270.00    271.00        10    0.13158E-04   0.99881E+00
  271.00    272.00        12    0.15790E-04   0.99883E+00
  272.00    273.00         8    0.10527E-04   0.99884E+00
  273.00    274.00        13    0.17106E-04   0.99886E+00
  274.00    275.00        14    0.18422E-04   0.99888E+00
  275.00    276.00         9    0.11843E-04   0.99889E+00
  276.00    277.00        12    0.15790E-04   0.99890E+00
  277.00    278.00         7    0.92109E-05   0.99891E+00
  278.00    279.00        10    0.13158E-04   0.99893E+00
  279.00    280.00        10    0.13158E-04   0.99894E+00
  280.00    281.00         5    0.65792E-05   0.99895E+00
  281.00    282.00        14    0.18422E-04   0.99896E+00
  282.00    283.00         9    0.11843E-04   0.99898E+00
  283.00    284.00         6    0.78951E-05   0.99898E+00
  284.00    285.00         7    0.92109E-05   0.99899E+00
  285.00    286.00        10    0.13158E-04   0.99901E+00
  286.00    287.00         4    0.52634E-05   0.99901E+00
  287.00    288.00         8    0.10527E-04   0.99902E+00
  288.00    289.00        12    0.15790E-04   0.99904E+00
  289.00    290.00         4    0.52634E-05   0.99904E+00
  290.00    291.00         9    0.11843E-04   0.99906E+00
  291.00    292.00         9    0.11843E-04   0.99907E+00
  292.00    293.00         4    0.52634E-05   0.99907E+00
  293.00    294.00         6    0.78951E-05   0.99908E+00
  294.00    295.00         6    0.78951E-05   0.99909E+00
  295.00    296.00         8    0.10527E-04   0.99910E+00
  296.00    297.00        12    0.15790E-04   0.99911E+00
  297.00    298.00         8    0.10527E-04   0.99912E+00
  298.00    299.00         6    0.78951E-05   0.99913E+00
  299.00    300.00         7    0.92109E-05   0.99914E+00
  300.00    301.00         7    0.92109E-05   0.99915E+00
  301.00    302.00         5    0.65792E-05   0.99916E+00
  302.00    303.00         8    0.10527E-04   0.99917E+00
  303.00    304.00        11    0.14474E-04   0.99918E+00
  304.00    305.00         5    0.65792E-05   0.99919E+00
  305.00    306.00         6    0.78951E-05   0.99920E+00
  306.00    307.00         5    0.65792E-05   0.99920E+00
  307.00    308.00         5    0.65792E-05   0.99921E+00
  308.00    309.00         7    0.92109E-05   0.99922E+00
  309.00    310.00         5    0.65792E-05   0.99923E+00
  310.00    311.00         8    0.10527E-04   0.99924E+00
  311.00    312.00         7    0.92109E-05   0.99925E+00
  312.00    313.00         3    0.39475E-05   0.99925E+00
  313.00    314.00         5    0.65792E-05   0.99926E+00
  314.00    315.00         7    0.92109E-05   0.99927E+00
  315.00    316.00         7    0.92109E-05   0.99927E+00
  316.00    317.00         7    0.92109E-05   0.99928E+00
  317.00    318.00         6    0.78951E-05   0.99929E+00
  318.00    319.00         5    0.65792E-05   0.99930E+00
  319.00    320.00         7    0.92109E-05   0.99931E+00
  320.00    321.00         7    0.92109E-05   0.99932E+00
  321.00    322.00         4    0.52634E-05   0.99932E+00
  322.00    323.00         5    0.65792E-05   0.99933E+00
  323.00    324.00         5    0.65792E-05   0.99934E+00
  324.00    325.00         5    0.65792E-05   0.99934E+00
  325.00    326.00         5    0.65792E-05   0.99935E+00
  326.00    327.00         6    0.78951E-05   0.99936E+00
  327.00    328.00         6    0.78951E-05   0.99936E+00
  328.00    329.00         5    0.65792E-05   0.99937E+00
  329.00    330.00         5    0.65792E-05   0.99938E+00
  330.00    331.00         2    0.26317E-05   0.99938E+00
  331.00    332.00         4    0.52634E-05   0.99939E+00
  332.00    333.00         5    0.65792E-05   0.99939E+00
  333.00    334.00         4    0.52634E-05   0.99940E+00
  334.00    335.00         7    0.92109E-05   0.99941E+00
  335.00    336.00         4    0.52634E-05   0.99941E+00
  336.00    337.00         1    0.13158E-05   0.99941E+00
  337.00    338.00         2    0.26317E-05   0.99942E+00
  338.00    339.00         3    0.39475E-05   0.99942E+00
  339.00    340.00         3    0.39475E-05   0.99942E+00
  340.00    341.00         4    0.52634E-05   0.99943E+00
  341.00    342.00         2    0.26317E-05   0.99943E+00
  342.00    343.00         6    0.78951E-05   0.99944E+00
  343.00    344.00         1    0.13158E-05   0.99944E+00
  344.00    345.00         2    0.26317E-05   0.99944E+00
  345.00    346.00         4    0.52634E-05   0.99945E+00
  346.00    347.00         3    0.39475E-05   0.99945E+00
  347.00    348.00         1    0.13158E-05   0.99945E+00
  348.00    349.00         2    0.26317E-05   0.99946E+00
  349.00    350.00         4    0.52634E-05   0.99946E+00
  350.00    351.00         4    0.52634E-05   0.99947E+00
  351.00    352.00         5    0.65792E-05   0.99947E+00
  352.00    353.00         3    0.39475E-05   0.99948E+00
  353.00    354.00         6    0.78951E-05   0.99949E+00
  354.00    355.00         1    0.13158E-05   0.99949E+00
  355.00    356.00         6    0.78951E-05   0.99949E+00
  356.00    357.00         4    0.52634E-05   0.99950E+00
  357.00    358.00         4    0.52634E-05   0.99951E+00
  358.00    359.00         0    0.00000E+00   0.99951E+00
  359.00    360.00         3    0.39475E-05   0.99951E+00
  360.00    361.00         2    0.26317E-05   0.99951E+00
  361.00    362.00         0    0.00000E+00   0.99951E+00
  362.00    363.00         2    0.26317E-05   0.99951E+00
  363.00    364.00         1    0.13158E-05   0.99952E+00
  364.00    365.00         4    0.52634E-05   0.99952E+00
  365.00    366.00         6    0.78951E-05   0.99953E+00
  366.00    367.00         1    0.13158E-05   0.99953E+00
  367.00    368.00         1    0.13158E-05   0.99953E+00
  368.00    369.00         3    0.39475E-05   0.99954E+00
  369.00    370.00         2    0.26317E-05   0.99954E+00
  370.00    371.00         3    0.39475E-05   0.99954E+00
  371.00    372.00         5    0.65792E-05   0.99955E+00
  372.00    373.00         1    0.13158E-05   0.99955E+00
  373.00    374.00         0    0.00000E+00   0.99955E+00
  374.00    375.00         2    0.26317E-05   0.99955E+00
  375.00    376.00         2    0.26317E-05   0.99956E+00
  376.00    377.00         2    0.26317E-05   0.99956E+00
  377.00    378.00         2    0.26317E-05   0.99956E+00
  378.00    379.00         2    0.26317E-05   0.99956E+00
  379.00    380.00         4    0.52634E-05   0.99957E+00
  380.00    381.00         4    0.52634E-05   0.99957E+00
  381.00    382.00         3    0.39475E-05   0.99958E+00
  382.00    383.00         2    0.26317E-05   0.99958E+00
  383.00    384.00         2    0.26317E-05   0.99958E+00
  384.00    385.00         1    0.13158E-05   0.99958E+00
  385.00    386.00         4    0.52634E-05   0.99959E+00
  386.00    387.00         3    0.39475E-05   0.99959E+00
  387.00    388.00         3    0.39475E-05   0.99960E+00
  388.00    389.00         1    0.13158E-05   0.99960E+00
  389.00    390.00         2    0.26317E-05   0.99960E+00
  390.00    391.00         1    0.13158E-05   0.99960E+00
  391.00    392.00         1    0.13158E-05   0.99960E+00
  392.00    393.00         1    0.13158E-05   0.99961E+00
  393.00    394.00         1    0.13158E-05   0.99961E+00
  394.00    395.00         5    0.65792E-05   0.99961E+00
  395.00    396.00         2    0.26317E-05   0.99962E+00
  396.00    397.00         2    0.26317E-05   0.99962E+00
  397.00    398.00         5    0.65792E-05   0.99962E+00
  398.00    399.00         1    0.13158E-05   0.99963E+00
  399.00    400.00         4    0.52634E-05   0.99963E+00
  400.00    401.00         5    0.65792E-05   0.99964E+00
  401.00    402.00         1    0.13158E-05   0.99964E+00
  402.00    403.00         6    0.78951E-05   0.99965E+00
  403.00    404.00         1    0.13158E-05   0.99965E+00
  404.00    405.00         4    0.52634E-05   0.99965E+00
  405.00    406.00         2    0.26317E-05   0.99966E+00
  406.00    407.00         1    0.13158E-05   0.99966E+00
  407.00    408.00         1    0.13158E-05   0.99966E+00
  408.00    409.00         3    0.39475E-05   0.99966E+00
  409.00    410.00         2    0.26317E-05   0.99967E+00
  410.00    411.00         2    0.26317E-05   0.99967E+00
  411.00    412.00         2    0.26317E-05   0.99967E+00
  412.00    413.00         1    0.13158E-05   0.99967E+00
  413.00    414.00         5    0.65792E-05   0.99968E+00
  414.00    415.00         3    0.39475E-05   0.99968E+00
  415.00    416.00         3    0.39475E-05   0.99969E+00
  416.00    417.00         0    0.00000E+00   0.99969E+00
  417.00    418.00         4    0.52634E-05   0.99969E+00
  418.00    419.00         0    0.00000E+00   0.99969E+00
  419.00    420.00         4    0.52634E-05   0.99970E+00
  420.00    421.00         1    0.13158E-05   0.99970E+00
  421.00    422.00         2    0.26317E-05   0.99970E+00
  422.00    423.00         2    0.26317E-05   0.99970E+00
  423.00    424.00         1    0.13158E-05   0.99971E+00
  424.00    425.00         1    0.13158E-05   0.99971E+00
  425.00    426.00         0    0.00000E+00   0.99971E+00
  426.00    427.00         2    0.26317E-05   0.99971E+00
  427.00    428.00         2    0.26317E-05   0.99971E+00
  428.00    429.00         2    0.26317E-05   0.99971E+00
  429.00    430.00         4    0.52634E-05   0.99972E+00
  430.00    431.00         0    0.00000E+00   0.99972E+00
  431.00    432.00         6    0.78951E-05   0.99973E+00
  432.00    433.00         5    0.65792E-05   0.99973E+00
  433.00    434.00         4    0.52634E-05   0.99974E+00
  434.00    435.00         1    0.13158E-05   0.99974E+00
  435.00    436.00         3    0.39475E-05   0.99974E+00
  436.00    437.00         6    0.78951E-05   0.99975E+00
  437.00    438.00         1    0.13158E-05   0.99975E+00
  438.00    439.00         3    0.39475E-05   0.99976E+00
  439.00    440.00         2    0.26317E-05   0.99976E+00
  440.00    441.00         2    0.26317E-05   0.99976E+00
  441.00    442.00         1    0.13158E-05   0.99976E+00
  442.00    443.00         3    0.39475E-05   0.99977E+00
  443.00    444.00         2    0.26317E-05   0.99977E+00
  444.00    445.00         3    0.39475E-05   0.99977E+00
  445.00    446.00         2    0.26317E-05   0.99978E+00
  446.00    447.00         3    0.39475E-05   0.99978E+00
  447.00    448.00         0    0.00000E+00   0.99978E+00
  448.00    449.00         2    0.26317E-05   0.99978E+00
  449.00    450.00         1    0.13158E-05   0.99979E+00
  450.00    451.00         4    0.52634E-05   0.99979E+00
  451.00    452.00         2    0.26317E-05   0.99979E+00
  452.00    453.00         1    0.13158E-05   0.99979E+00
  453.00    454.00         2    0.26317E-05   0.99980E+00
  454.00    455.00         2    0.26317E-05   0.99980E+00
  455.00    456.00         3    0.39475E-05   0.99980E+00
  456.00    457.00         1    0.13158E-05   0.99981E+00
  457.00    458.00         2    0.26317E-05   0.99981E+00
  458.00    459.00         2    0.26317E-05   0.99981E+00
  459.00    460.00         0    0.00000E+00   0.99981E+00
  460.00    461.00         2    0.26317E-05   0.99981E+00
  461.00    462.00         0    0.00000E+00   0.99981E+00
  462.00    463.00         1    0.13158E-05   0.99981E+00
  463.00    464.00         0    0.00000E+00   0.99981E+00
  464.00    465.00         2    0.26317E-05   0.99982E+00
  465.00    466.00         1    0.13158E-05   0.99982E+00
  466.00    467.00         1    0.13158E-05   0.99982E+00
  467.00    468.00         0    0.00000E+00   0.99982E+00
  468.00    469.00         1    0.13158E-05   0.99982E+00
  469.00    470.00         1    0.13158E-05   0.99982E+00
  470.00    471.00         2    0.26317E-05   0.99983E+00
  471.00    472.00         0    0.00000E+00   0.99983E+00
  472.00    473.00         0    0.00000E+00   0.99983E+00
  473.00    474.00         0    0.00000E+00   0.99983E+00
  474.00    475.00         2    0.26317E-05   0.99983E+00
  475.00    476.00         1    0.13158E-05   0.99983E+00
  476.00    477.00         3    0.39475E-05   0.99983E+00
  477.00    478.00         1    0.13158E-05   0.99983E+00
  478.00    479.00         0    0.00000E+00   0.99983E+00
  479.00    480.00         1    0.13158E-05   0.99984E+00
  480.00    481.00         0    0.00000E+00   0.99984E+00
  481.00    482.00         0    0.00000E+00   0.99984E+00
  482.00    483.00         1    0.13158E-05   0.99984E+00
  483.00    484.00         0    0.00000E+00   0.99984E+00
  484.00    485.00         0    0.00000E+00   0.99984E+00
  485.00    486.00         1    0.13158E-05   0.99984E+00
  486.00    487.00         1    0.13158E-05   0.99984E+00
  487.00    488.00         0    0.00000E+00   0.99984E+00
  488.00    489.00         0    0.00000E+00   0.99984E+00
  489.00    490.00         1    0.13158E-05   0.99984E+00
  490.00    491.00         0    0.00000E+00   0.99984E+00
  491.00    492.00         0    0.00000E+00   0.99984E+00
  492.00    493.00         2    0.26317E-05   0.99984E+00
  493.00    494.00         2    0.26317E-05   0.99985E+00
  494.00    495.00         2    0.26317E-05   0.99985E+00
  495.00    496.00         4    0.52634E-05   0.99985E+00
  496.00    497.00         0    0.00000E+00   0.99985E+00
  497.00    498.00         3    0.39475E-05   0.99986E+00
  498.00    499.00         0    0.00000E+00   0.99986E+00
  499.00    500.00         0    0.00000E+00   0.99986E+00
  500.00    501.00         5    0.65792E-05   0.99986E+00
  501.00    502.00         4    0.52634E-05   0.99987E+00
  502.00    503.00         0    0.00000E+00   0.99987E+00
  503.00    504.00         1    0.13158E-05   0.99987E+00
  504.00    505.00         0    0.00000E+00   0.99987E+00
  505.00    506.00         1    0.13158E-05   0.99987E+00
  506.00    507.00         2    0.26317E-05   0.99988E+00
  507.00    508.00         0    0.00000E+00   0.99988E+00
  508.00    509.00         1    0.13158E-05   0.99988E+00
  509.00    510.00         1    0.13158E-05   0.99988E+00
  510.00    511.00         1    0.13158E-05   0.99988E+00
  511.00    512.00         0    0.00000E+00   0.99988E+00
  512.00    513.00         2    0.26317E-05   0.99988E+00
  513.00    514.00         3    0.39475E-05   0.99989E+00
  514.00    515.00         0    0.00000E+00   0.99989E+00
  515.00    516.00         0    0.00000E+00   0.99989E+00
  516.00    517.00         2    0.26317E-05   0.99989E+00
  517.00    518.00         1    0.13158E-05   0.99989E+00
  518.00    519.00         1    0.13158E-05   0.99989E+00
  519.00    520.00         0    0.00000E+00   0.99989E+00
  520.00    521.00         2    0.26317E-05   0.99989E+00
  521.00    522.00         0    0.00000E+00   0.99989E+00
  522.00    523.00         1    0.13158E-05   0.99989E+00
  523.00    524.00         0    0.00000E+00   0.99989E+00
  524.00    525.00         3    0.39475E-05   0.99990E+00
  525.00    526.00         0    0.00000E+00   0.99990E+00
  526.00    527.00         0    0.00000E+00   0.99990E+00
  527.00    528.00         0    0.00000E+00   0.99990E+00
  528.00    529.00         1    0.13158E-05   0.99990E+00
  529.00    530.00         0    0.00000E+00   0.99990E+00
  530.00    531.00         0    0.00000E+00   0.99990E+00
  531.00    532.00         0    0.00000E+00   0.99990E+00
  532.00    533.00         0    0.00000E+00   0.99990E+00
  533.00    534.00         0    0.00000E+00   0.99990E+00
  534.00    535.00         0    0.00000E+00   0.99990E+00
  535.00    536.00         1    0.13158E-05   0.99990E+00
  536.00    537.00         1    0.13158E-05   0.99990E+00
  537.00    538.00         1    0.13158E-05   0.99990E+00
  538.00    539.00         0    0.00000E+00   0.99990E+00
  539.00    540.00         1    0.13158E-05   0.99991E+00
  540.00    541.00         1    0.13158E-05   0.99991E+00
  541.00    542.00         1    0.13158E-05   0.99991E+00
  542.00    543.00         0    0.00000E+00   0.99991E+00
  543.00    544.00         0    0.00000E+00   0.99991E+00
  544.00    545.00         0    0.00000E+00   0.99991E+00
  545.00    546.00         1    0.13158E-05   0.99991E+00
  546.00    547.00         0    0.00000E+00   0.99991E+00
  547.00    548.00         0    0.00000E+00   0.99991E+00
  548.00    549.00         0    0.00000E+00   0.99991E+00
  549.00    550.00         0    0.00000E+00   0.99991E+00
  550.00    551.00         0    0.00000E+00   0.99991E+00
  551.00    552.00         0    0.00000E+00   0.99991E+00
  552.00    553.00         0    0.00000E+00   0.99991E+00
  553.00    554.00         0    0.00000E+00   0.99991E+00
  554.00    555.00         1    0.13158E-05   0.99991E+00
  555.00    556.00         0    0.00000E+00   0.99991E+00
  556.00    557.00         1    0.13158E-05   0.99991E+00
  557.00    558.00         0    0.00000E+00   0.99991E+00
  558.00    559.00         0    0.00000E+00   0.99991E+00
  559.00    560.00         1    0.13158E-05   0.99991E+00
  560.00    561.00         0    0.00000E+00   0.99991E+00
  561.00    562.00         0    0.00000E+00   0.99991E+00
  562.00    563.00         1    0.13158E-05   0.99991E+00
  563.00    564.00         0    0.00000E+00   0.99991E+00
  564.00    565.00         0    0.00000E+00   0.99991E+00
  565.00    566.00         0    0.00000E+00   0.99991E+00
  566.00    567.00         0    0.00000E+00   0.99991E+00
  567.00    568.00         0    0.00000E+00   0.99991E+00
  568.00    569.00         0    0.00000E+00   0.99991E+00
  569.00    570.00         0    0.00000E+00   0.99991E+00
  570.00    571.00         0    0.00000E+00   0.99991E+00
  571.00    572.00         0    0.00000E+00   0.99991E+00
  572.00    573.00         0    0.00000E+00   0.99991E+00
  573.00    574.00         1    0.13158E-05   0.99992E+00
  574.00    575.00         0    0.00000E+00   0.99992E+00
  575.00    576.00         0    0.00000E+00   0.99992E+00
  576.00    577.00         0    0.00000E+00   0.99992E+00
  577.00    578.00         1    0.13158E-05   0.99992E+00
  578.00    579.00         0    0.00000E+00   0.99992E+00
  579.00    580.00         0    0.00000E+00   0.99992E+00
  580.00    581.00         0    0.00000E+00   0.99992E+00
  581.00    582.00         1    0.13158E-05   0.99992E+00
  582.00    583.00         0    0.00000E+00   0.99992E+00
  583.00    584.00         1    0.13158E-05   0.99992E+00
  584.00    585.00         1    0.13158E-05   0.99992E+00
  585.00    586.00         0    0.00000E+00   0.99992E+00
  586.00    587.00         0    0.00000E+00   0.99992E+00
  587.00    588.00         0    0.00000E+00   0.99992E+00
  588.00    589.00         0    0.00000E+00   0.99992E+00
  589.00    590.00         0    0.00000E+00   0.99992E+00
  590.00    591.00         0    0.00000E+00   0.99992E+00
  591.00    592.00         0    0.00000E+00   0.99992E+00
  592.00    593.00         0    0.00000E+00   0.99992E+00
  593.00    594.00         0    0.00000E+00   0.99992E+00
  594.00    595.00         0    0.00000E+00   0.99992E+00
  595.00    596.00         0    0.00000E+00   0.99992E+00
  596.00    597.00         0    0.00000E+00   0.99992E+00
  597.00    598.00         0    0.00000E+00   0.99992E+00
  598.00    599.00         0    0.00000E+00   0.99992E+00
  599.00    600.00         2    0.26317E-05   0.99992E+00
  600.00    601.00         0    0.00000E+00   0.99992E+00
  601.00    602.00         0    0.00000E+00   0.99992E+00
  602.00    603.00         0    0.00000E+00   0.99992E+00
  603.00    604.00         0    0.00000E+00   0.99992E+00
  604.00    605.00         0    0.00000E+00   0.99992E+00
  605.00    606.00         0    0.00000E+00   0.99992E+00
  606.00    607.00         0    0.00000E+00   0.99992E+00
  607.00    608.00         0    0.00000E+00   0.99992E+00
  608.00    609.00         0    0.00000E+00   0.99992E+00
  609.00    610.00         0    0.00000E+00   0.99992E+00
  610.00    611.00         0    0.00000E+00   0.99992E+00
  611.00    612.00         0    0.00000E+00   0.99992E+00
  612.00    613.00         0    0.00000E+00   0.99992E+00
  613.00    614.00         1    0.13158E-05   0.99993E+00
  614.00    615.00         0    0.00000E+00   0.99993E+00
  615.00    616.00         0    0.00000E+00   0.99993E+00
  616.00    617.00         0    0.00000E+00   0.99993E+00
  617.00    618.00         0    0.00000E+00   0.99993E+00
  618.00    619.00         0    0.00000E+00   0.99993E+00
  619.00    620.00         0    0.00000E+00   0.99993E+00
  620.00    621.00         1    0.13158E-05   0.99993E+00
  621.00    622.00         0    0.00000E+00   0.99993E+00
  622.00    623.00         0    0.00000E+00   0.99993E+00
  623.00    624.00         0    0.00000E+00   0.99993E+00
  624.00    625.00         1    0.13158E-05   0.99993E+00
  625.00    626.00         0    0.00000E+00   0.99993E+00
  626.00    627.00         0    0.00000E+00   0.99993E+00
  627.00    628.00         1    0.13158E-05   0.99993E+00
  628.00    629.00         0    0.00000E+00   0.99993E+00
  629.00    630.00         1    0.13158E-05   0.99993E+00
  630.00    631.00         1    0.13158E-05   0.99993E+00
  631.00    632.00         0    0.00000E+00   0.99993E+00
  632.00    633.00         0    0.00000E+00   0.99993E+00
  633.00    634.00         0    0.00000E+00   0.99993E+00
  634.00    635.00         1    0.13158E-05   0.99993E+00
  635.00    636.00         2    0.26317E-05   0.99994E+00
  636.00    637.00         0    0.00000E+00   0.99994E+00
  637.00    638.00         0    0.00000E+00   0.99994E+00
  638.00    639.00         2    0.26317E-05   0.99994E+00
  639.00    640.00         0    0.00000E+00   0.99994E+00
  640.00    641.00         1    0.13158E-05   0.99994E+00
  641.00    642.00         0    0.00000E+00   0.99994E+00
  642.00    643.00         1    0.13158E-05   0.99994E+00
  643.00    644.00         0    0.00000E+00   0.99994E+00
  644.00    645.00         0    0.00000E+00   0.99994E+00
  645.00    646.00         2    0.26317E-05   0.99994E+00
  646.00    647.00         3    0.39475E-05   0.99995E+00
  647.00    648.00         0    0.00000E+00   0.99995E+00
  648.00    649.00         1    0.13158E-05   0.99995E+00
  649.00    650.00         0    0.00000E+00   0.99995E+00
  650.00    651.00         2    0.26317E-05   0.99995E+00
  651.00    652.00         1    0.13158E-05   0.99995E+00
  652.00    653.00         2    0.26317E-05   0.99996E+00
  653.00    654.00         3    0.39475E-05   0.99996E+00
  654.00    655.00         1    0.13158E-05   0.99996E+00
  655.00    656.00         1    0.13158E-05   0.99996E+00
  656.00    657.00         0    0.00000E+00   0.99996E+00
  657.00    658.00         0    0.00000E+00   0.99996E+00
  658.00    659.00         1    0.13158E-05   0.99996E+00
  659.00    660.00         0    0.00000E+00   0.99996E+00
  660.00    661.00         0    0.00000E+00   0.99996E+00
  661.00    662.00         0    0.00000E+00   0.99996E+00
  662.00    663.00         0    0.00000E+00   0.99996E+00
  663.00    664.00         0    0.00000E+00   0.99996E+00
  664.00    665.00         0    0.00000E+00   0.99996E+00
  665.00    666.00         1    0.13158E-05   0.99996E+00
  666.00    667.00         0    0.00000E+00   0.99996E+00
  667.00    668.00         0    0.00000E+00   0.99996E+00
  668.00    669.00         0    0.00000E+00   0.99996E+00
  669.00    670.00         0    0.00000E+00   0.99996E+00
  670.00    671.00         1    0.13158E-05   0.99997E+00
  671.00    672.00         0    0.00000E+00   0.99997E+00
  672.00    673.00         1    0.13158E-05   0.99997E+00
  673.00    674.00         0    0.00000E+00   0.99997E+00
  674.00    675.00         0    0.00000E+00   0.99997E+00
  675.00    676.00         0    0.00000E+00   0.99997E+00
  676.00    677.00         0    0.00000E+00   0.99997E+00
  677.00    678.00         0    0.00000E+00   0.99997E+00
  678.00    679.00         0    0.00000E+00   0.99997E+00
  679.00    680.00         0    0.00000E+00   0.99997E+00
  680.00    681.00         0    0.00000E+00   0.99997E+00
  681.00    682.00         2    0.26317E-05   0.99997E+00
  682.00    683.00         1    0.13158E-05   0.99997E+00
  683.00    684.00         1    0.13158E-05   0.99997E+00
  684.00    685.00         0    0.00000E+00   0.99997E+00
  685.00    686.00         0    0.00000E+00   0.99997E+00
  686.00    687.00         0    0.00000E+00   0.99997E+00
  687.00    688.00         0    0.00000E+00   0.99997E+00
  688.00    689.00         0    0.00000E+00   0.99997E+00
  689.00    690.00         0    0.00000E+00   0.99997E+00
  690.00    691.00         0    0.00000E+00   0.99997E+00
  691.00    692.00         1    0.13158E-05   0.99997E+00
  692.00    693.00         0    0.00000E+00   0.99997E+00
  693.00    694.00         0    0.00000E+00   0.99997E+00
  694.00    695.00         0    0.00000E+00   0.99997E+00
  695.00    696.00         1    0.13158E-05   0.99998E+00
  696.00    697.00         0    0.00000E+00   0.99998E+00
  697.00    698.00         0    0.00000E+00   0.99998E+00
  698.00    699.00         0    0.00000E+00   0.99998E+00
  699.00    700.00         0    0.00000E+00   0.99998E+00
  700.00    701.00         0    0.00000E+00   0.99998E+00
  701.00    702.00         0    0.00000E+00   0.99998E+00
  702.00    703.00         0    0.00000E+00   0.99998E+00
  703.00    704.00         0    0.00000E+00   0.99998E+00
  704.00    705.00         0    0.00000E+00   0.99998E+00
  705.00    706.00         0    0.00000E+00   0.99998E+00
  706.00    707.00         0    0.00000E+00   0.99998E+00
  707.00    708.00         0    0.00000E+00   0.99998E+00
  708.00    709.00         0    0.00000E+00   0.99998E+00
  709.00    710.00         0    0.00000E+00   0.99998E+00
  710.00    711.00         0    0.00000E+00   0.99998E+00
  711.00    712.00         0    0.00000E+00   0.99998E+00
  712.00    713.00         0    0.00000E+00   0.99998E+00
  713.00    714.00         1    0.13158E-05   0.99998E+00
  714.00    715.00         0    0.00000E+00   0.99998E+00
  715.00    716.00         0    0.00000E+00   0.99998E+00
  716.00    717.00         0    0.00000E+00   0.99998E+00
  717.00    718.00         0    0.00000E+00   0.99998E+00
  718.00    719.00         0    0.00000E+00   0.99998E+00
  719.00    720.00         0    0.00000E+00   0.99998E+00
  720.00    721.00         0    0.00000E+00   0.99998E+00
  721.00    722.00         0    0.00000E+00   0.99998E+00
  722.00    723.00         0    0.00000E+00   0.99998E+00
  723.00    724.00         0    0.00000E+00   0.99998E+00
  724.00    725.00         0    0.00000E+00   0.99998E+00
  725.00    726.00         1    0.13158E-05   0.99998E+00
  726.00    727.00         0    0.00000E+00   0.99998E+00
  727.00    728.00         0    0.00000E+00   0.99998E+00
  728.00    729.00         0    0.00000E+00   0.99998E+00
  729.00    730.00         0    0.00000E+00   0.99998E+00
  730.00    731.00         0    0.00000E+00   0.99998E+00
  731.00    732.00         0    0.00000E+00   0.99998E+00
  732.00    733.00         0    0.00000E+00   0.99998E+00
  733.00    734.00         0    0.00000E+00   0.99998E+00
  734.00    735.00         0    0.00000E+00   0.99998E+00
  735.00    736.00         0    0.00000E+00   0.99998E+00
  736.00    737.00         0    0.00000E+00   0.99998E+00
  737.00    738.00         0    0.00000E+00   0.99998E+00
  738.00    739.00         0    0.00000E+00   0.99998E+00
  739.00    740.00         1    0.13158E-05   0.99998E+00
  740.00    741.00         0    0.00000E+00   0.99998E+00
  741.00    742.00         1    0.13158E-05   0.99998E+00
  742.00    743.00         0    0.00000E+00   0.99998E+00
  743.00    744.00         0    0.00000E+00   0.99998E+00
  744.00    745.00         0    0.00000E+00   0.99998E+00
  745.00    746.00         0    0.00000E+00   0.99998E+00
  746.00    747.00         0    0.00000E+00   0.99998E+00
  747.00    748.00         0    0.00000E+00   0.99998E+00
  748.00    749.00         0    0.00000E+00   0.99998E+00
  749.00    750.00         0    0.00000E+00   0.99998E+00
  750.00    751.00         0    0.00000E+00   0.99998E+00
  751.00    752.00         0    0.00000E+00   0.99998E+00
  752.00    753.00         0    0.00000E+00   0.99998E+00
  753.00    754.00         0    0.00000E+00   0.99998E+00
  754.00    755.00         0    0.00000E+00   0.99998E+00
  755.00    756.00         0    0.00000E+00   0.99998E+00
  756.00    757.00         0    0.00000E+00   0.99998E+00
  757.00    758.00         0    0.00000E+00   0.99998E+00
  758.00    759.00         0    0.00000E+00   0.99998E+00
  759.00    760.00         0    0.00000E+00   0.99998E+00
  760.00    761.00         0    0.00000E+00   0.99998E+00
  761.00    762.00         0    0.00000E+00   0.99998E+00
  762.00    763.00         0    0.00000E+00   0.99998E+00
  763.00    764.00         0    0.00000E+00   0.99998E+00
  764.00    765.00         0    0.00000E+00   0.99998E+00
  765.00    766.00         0    0.00000E+00   0.99998E+00
  766.00    767.00         0    0.00000E+00   0.99998E+00
  767.00    768.00         0    0.00000E+00   0.99998E+00
  768.00    769.00         0    0.00000E+00   0.99998E+00
  769.00    770.00         0    0.00000E+00   0.99998E+00
  770.00    771.00         0    0.00000E+00   0.99998E+00
  771.00    772.00         0    0.00000E+00   0.99998E+00
  772.00    773.00         0    0.00000E+00   0.99998E+00
  773.00    774.00         0    0.00000E+00   0.99998E+00
  774.00    775.00         0    0.00000E+00   0.99998E+00
  775.00    776.00         0    0.00000E+00   0.99998E+00
  776.00    777.00         0    0.00000E+00   0.99998E+00
  777.00    778.00         0    0.00000E+00   0.99998E+00
  778.00    779.00         0    0.00000E+00   0.99998E+00
  779.00    780.00         0    0.00000E+00   0.99998E+00
  780.00    781.00         0    0.00000E+00   0.99998E+00
  781.00    782.00         0    0.00000E+00   0.99998E+00
  782.00    783.00         0    0.00000E+00   0.99998E+00
  783.00    784.00         0    0.00000E+00   0.99998E+00
  784.00    785.00         0    0.00000E+00   0.99998E+00
  785.00    786.00         0    0.00000E+00   0.99998E+00
  786.00    787.00         0    0.00000E+00   0.99998E+00
  787.00    788.00         0    0.00000E+00   0.99998E+00
  788.00    789.00         0    0.00000E+00   0.99998E+00
  789.00    790.00         0    0.00000E+00   0.99998E+00
  790.00    791.00         0    0.00000E+00   0.99998E+00
  791.00    792.00         0    0.00000E+00   0.99998E+00
  792.00    793.00         0    0.00000E+00   0.99998E+00
  793.00    794.00         0    0.00000E+00   0.99998E+00
  794.00    795.00         0    0.00000E+00   0.99998E+00
  795.00    796.00         0    0.00000E+00   0.99998E+00
  796.00    797.00         0    0.00000E+00   0.99998E+00
  797.00    798.00         0    0.00000E+00   0.99998E+00
  798.00    799.00         0    0.00000E+00   0.99998E+00
  799.00    800.00         0    0.00000E+00   0.99998E+00
  800.00    801.00         0    0.00000E+00   0.99998E+00
  801.00    802.00         0    0.00000E+00   0.99998E+00
  802.00    803.00         0    0.00000E+00   0.99998E+00
  803.00    804.00         0    0.00000E+00   0.99998E+00
  804.00    805.00         0    0.00000E+00   0.99998E+00
  805.00    806.00         0    0.00000E+00   0.99998E+00
  806.00    807.00         0    0.00000E+00   0.99998E+00
  807.00    808.00         0    0.00000E+00   0.99998E+00
  808.00    809.00         0    0.00000E+00   0.99998E+00
  809.00    810.00         0    0.00000E+00   0.99998E+00
  810.00    811.00         0    0.00000E+00   0.99998E+00
  811.00    812.00         0    0.00000E+00   0.99998E+00
  812.00    813.00         0    0.00000E+00   0.99998E+00
  813.00    814.00         0    0.00000E+00   0.99998E+00
  814.00    815.00         0    0.00000E+00   0.99998E+00
  815.00    816.00         0    0.00000E+00   0.99998E+00
  816.00    817.00         0    0.00000E+00   0.99998E+00
  817.00    818.00         0    0.00000E+00   0.99998E+00
  818.00    819.00         0    0.00000E+00   0.99998E+00
  819.00    820.00         0    0.00000E+00   0.99998E+00
  820.00    821.00         0    0.00000E+00   0.99998E+00
  821.00    822.00         0    0.00000E+00   0.99998E+00
  822.00    823.00         0    0.00000E+00   0.99998E+00
  823.00    824.00         0    0.00000E+00   0.99998E+00
  824.00    825.00         0    0.00000E+00   0.99998E+00
  825.00    826.00         0    0.00000E+00   0.99998E+00
  826.00    827.00         0    0.00000E+00   0.99998E+00
  827.00    828.00         0    0.00000E+00   0.99998E+00
  828.00    829.00         0    0.00000E+00   0.99998E+00
  829.00    830.00         0    0.00000E+00   0.99998E+00
  830.00    831.00         0    0.00000E+00   0.99998E+00
  831.00    832.00         0    0.00000E+00   0.99998E+00
  832.00    833.00         0    0.00000E+00   0.99998E+00
  833.00    834.00         0    0.00000E+00   0.99998E+00
  834.00    835.00         0    0.00000E+00   0.99998E+00
  835.00    836.00         0    0.00000E+00   0.99998E+00
  836.00    837.00         0    0.00000E+00   0.99998E+00
  837.00    838.00         0    0.00000E+00   0.99998E+00
  838.00    839.00         0    0.00000E+00   0.99998E+00
  839.00    840.00         1    0.13158E-05   0.99998E+00
  840.00    841.00         0    0.00000E+00   0.99998E+00
  841.00    842.00         0    0.00000E+00   0.99998E+00
  842.00    843.00         0    0.00000E+00   0.99998E+00
  843.00    844.00         0    0.00000E+00   0.99998E+00
  844.00    845.00         0    0.00000E+00   0.99998E+00
  845.00    846.00         1    0.13158E-05   0.99998E+00
  846.00    847.00         0    0.00000E+00   0.99998E+00
  847.00    848.00         0    0.00000E+00   0.99998E+00
  848.00    849.00         1    0.13158E-05   0.99998E+00
  849.00    850.00         1    0.13158E-05   0.99999E+00
  850.00    851.00         0    0.00000E+00   0.99999E+00
  851.00    852.00         0    0.00000E+00   0.99999E+00
  852.00    853.00         0    0.00000E+00   0.99999E+00
  853.00    854.00         0    0.00000E+00   0.99999E+00
  854.00    855.00         0    0.00000E+00   0.99999E+00
  855.00    856.00         0    0.00000E+00   0.99999E+00
  856.00    857.00         0    0.00000E+00   0.99999E+00
  857.00    858.00         0    0.00000E+00   0.99999E+00
  858.00    859.00         0    0.00000E+00   0.99999E+00
  859.00    860.00         0    0.00000E+00   0.99999E+00
  860.00    861.00         0    0.00000E+00   0.99999E+00
  861.00    862.00         0    0.00000E+00   0.99999E+00
  862.00    863.00         0    0.00000E+00   0.99999E+00
  863.00    864.00         1    0.13158E-05   0.99999E+00
  864.00    865.00         0    0.00000E+00   0.99999E+00
  865.00    866.00         0    0.00000E+00   0.99999E+00
  866.00    867.00         0    0.00000E+00   0.99999E+00
  867.00    868.00         0    0.00000E+00   0.99999E+00
  868.00    869.00         0    0.00000E+00   0.99999E+00
  869.00    870.00         0    0.00000E+00   0.99999E+00
  870.00    871.00         0    0.00000E+00   0.99999E+00
  871.00    872.00         0    0.00000E+00   0.99999E+00
  872.00    873.00         0    0.00000E+00   0.99999E+00
  873.00    874.00         0    0.00000E+00   0.99999E+00
  874.00    875.00         0    0.00000E+00   0.99999E+00
  875.00    876.00         0    0.00000E+00   0.99999E+00
  876.00    877.00         0    0.00000E+00   0.99999E+00
  877.00    878.00         0    0.00000E+00   0.99999E+00
  878.00    879.00         0    0.00000E+00   0.99999E+00
  879.00    880.00         0    0.00000E+00   0.99999E+00
  880.00    881.00         0    0.00000E+00   0.99999E+00
  881.00    882.00         1    0.13158E-05   0.99999E+00
  882.00    883.00         0    0.00000E+00   0.99999E+00
  883.00    884.00         0    0.00000E+00   0.99999E+00
  884.00    885.00         0    0.00000E+00   0.99999E+00
  885.00    886.00         0    0.00000E+00   0.99999E+00
  886.00    887.00         0    0.00000E+00   0.99999E+00
  887.00    888.00         0    0.00000E+00   0.99999E+00
  888.00    889.00         0    0.00000E+00   0.99999E+00
  889.00    890.00         0    0.00000E+00   0.99999E+00
  890.00    891.00         0    0.00000E+00   0.99999E+00
  891.00    892.00         0    0.00000E+00   0.99999E+00
  892.00    893.00         0    0.00000E+00   0.99999E+00
  893.00    894.00         0    0.00000E+00   0.99999E+00
  894.00    895.00         0    0.00000E+00   0.99999E+00
  895.00    896.00         1    0.13158E-05   0.99999E+00
  896.00    897.00         0    0.00000E+00   0.99999E+00
  897.00    898.00         0    0.00000E+00   0.99999E+00
  898.00    899.00         0    0.00000E+00   0.99999E+00
  899.00    900.00         0    0.00000E+00   0.99999E+00
  900.00    901.00         0    0.00000E+00   0.99999E+00
  901.00    902.00         0    0.00000E+00   0.99999E+00
  902.00    903.00         0    0.00000E+00   0.99999E+00
  903.00    904.00         1    0.13158E-05   0.99999E+00
  904.00    905.00         0    0.00000E+00   0.99999E+00
  905.00    906.00         0    0.00000E+00   0.99999E+00
  906.00    907.00         0    0.00000E+00   0.99999E+00
  907.00    908.00         0    0.00000E+00   0.99999E+00
  908.00    909.00         0    0.00000E+00   0.99999E+00
  909.00    910.00         0    0.00000E+00   0.99999E+00
  910.00    911.00         0    0.00000E+00   0.99999E+00
  911.00    912.00         0    0.00000E+00   0.99999E+00
  912.00    913.00         1    0.13158E-05   0.99999E+00
  913.00    914.00         0    0.00000E+00   0.99999E+00
  914.00    915.00         0    0.00000E+00   0.99999E+00
  915.00    916.00         0    0.00000E+00   0.99999E+00
  916.00    917.00         0    0.00000E+00   0.99999E+00
  917.00    918.00         0    0.00000E+00   0.99999E+00
  918.00    919.00         0    0.00000E+00   0.99999E+00
  919.00    920.00         0    0.00000E+00   0.99999E+00
  920.00    921.00         0    0.00000E+00   0.99999E+00
  921.00    922.00         0    0.00000E+00   0.99999E+00
  922.00    923.00         0    0.00000E+00   0.99999E+00
  923.00    924.00         0    0.00000E+00   0.99999E+00
  924.00    925.00         0    0.00000E+00   0.99999E+00
  925.00    926.00         0    0.00000E+00   0.99999E+00
  926.00    927.00         0    0.00000E+00   0.99999E+00
  927.00    928.00         0    0.00000E+00   0.99999E+00
  928.00    929.00         0    0.00000E+00   0.99999E+00
  929.00    930.00         0    0.00000E+00   0.99999E+00
  930.00    931.00         0    0.00000E+00   0.99999E+00
  931.00    932.00         0    0.00000E+00   0.99999E+00
  932.00    933.00         0    0.00000E+00   0.99999E+00
  933.00    934.00         0    0.00000E+00   0.99999E+00
  934.00    935.00         0    0.00000E+00   0.99999E+00
  935.00    936.00         0    0.00000E+00   0.99999E+00
  936.00    937.00         1    0.13158E-05   0.99999E+00
  937.00    938.00         0    0.00000E+00   0.99999E+00
  938.00    939.00         0    0.00000E+00   0.99999E+00
  939.00    940.00         0    0.00000E+00   0.99999E+00
  940.00    941.00         0    0.00000E+00   0.99999E+00
  941.00    942.00         0    0.00000E+00   0.99999E+00
  942.00    943.00         0    0.00000E+00   0.99999E+00
  943.00    944.00         1    0.13158E-05   0.99999E+00
  944.00    945.00         0    0.00000E+00   0.99999E+00
  945.00    946.00         0    0.00000E+00   0.99999E+00
  946.00    947.00         0    0.00000E+00   0.99999E+00
  947.00    948.00         0    0.00000E+00   0.99999E+00
  948.00    949.00         0    0.00000E+00   0.99999E+00
  949.00    950.00         0    0.00000E+00   0.99999E+00
  950.00    951.00         0    0.00000E+00   0.99999E+00
  951.00    952.00         0    0.00000E+00   0.99999E+00
  952.00    953.00         0    0.00000E+00   0.99999E+00
  953.00    954.00         0    0.00000E+00   0.99999E+00
  954.00    955.00         0    0.00000E+00   0.99999E+00
  955.00    956.00         0    0.00000E+00   0.99999E+00
  956.00    957.00         0    0.00000E+00   0.99999E+00
  957.00    958.00         0    0.00000E+00   0.99999E+00
  958.00    959.00         0    0.00000E+00   0.99999E+00
  959.00    960.00         0    0.00000E+00   0.99999E+00
  960.00    961.00         0    0.00000E+00   0.99999E+00
  961.00    962.00         0    0.00000E+00   0.99999E+00
  962.00    963.00         0    0.00000E+00   0.99999E+00
  963.00    964.00         0    0.00000E+00   0.99999E+00
  964.00    965.00         0    0.00000E+00   0.99999E+00
  965.00    966.00         0    0.00000E+00   0.99999E+00
  966.00    967.00         0    0.00000E+00   0.99999E+00
  967.00    968.00         0    0.00000E+00   0.99999E+00
  968.00    969.00         0    0.00000E+00   0.99999E+00
  969.00    970.00         0    0.00000E+00   0.99999E+00
  970.00    971.00         0    0.00000E+00   0.99999E+00
  971.00    972.00         0    0.00000E+00   0.99999E+00
  972.00    973.00         0    0.00000E+00   0.99999E+00
  973.00    974.00         0    0.00000E+00   0.99999E+00
  974.00    975.00         0    0.00000E+00   0.99999E+00
  975.00    976.00         0    0.00000E+00   0.99999E+00
  976.00    977.00         0    0.00000E+00   0.99999E+00
  977.00    978.00         0    0.00000E+00   0.99999E+00
  978.00    979.00         0    0.00000E+00   0.99999E+00
  979.00    980.00         0    0.00000E+00   0.99999E+00
  980.00    981.00         0    0.00000E+00   0.99999E+00
  981.00    982.00         0    0.00000E+00   0.99999E+00
  982.00    983.00         0    0.00000E+00   0.99999E+00
  983.00    984.00         0    0.00000E+00   0.99999E+00
  984.00    985.00         0    0.00000E+00   0.99999E+00
  985.00    986.00         0    0.00000E+00   0.99999E+00
  986.00    987.00         0    0.00000E+00   0.99999E+00
  987.00    988.00         0    0.00000E+00   0.99999E+00
  988.00    989.00         0    0.00000E+00   0.99999E+00
  989.00    990.00         0    0.00000E+00   0.99999E+00
  990.00    991.00         0    0.00000E+00   0.99999E+00
  991.00    992.00         0    0.00000E+00   0.99999E+00
  992.00    993.00         0    0.00000E+00   0.99999E+00
  993.00    994.00         0    0.00000E+00   0.99999E+00
  994.00    995.00         0    0.00000E+00   0.99999E+00
  995.00    996.00         0    0.00000E+00   0.99999E+00
  996.00    997.00         0    0.00000E+00   0.99999E+00
  997.00    998.00         0    0.00000E+00   0.99999E+00
  998.00    999.00         0    0.00000E+00   0.99999E+00
  999.00   1000.00         0    0.00000E+00   0.99999E+00
